sig 254
-24892.242883788334 1568.1729732777374 1568.1729732777374 -37475.122035212764
-22293.948596335584 768.4007053886428 768.4007053886428 -37880.12157990918
-20586.97760874818 58.42453116627384 58.42453116627384 -20223.303251592144
-20043.858512323186 258.69765996297906 258.69765996297906 -20227.57625716233
-20427.33035068988 -40.08519775804605 -40.08519775804605 -19978.040319342985
-20745.73298992468 13.823467777312828 13.823467777312828 -19964.653997388974
-29807.34146858859 432.8332834357768 432.8332834357768 -53111.339024783425
-30331.316687898056 305.16427011730786 305.16427011730786 -53163.45831992416
-37006.998541004556 760.3453589348544 760.3453589348544 -72125.48803533988
-68886.38798683474 27346.85334999559 27346.85334999559 -61976.57858016781
-43713.26911523655 12120.086361440706 12120.086361440706 -92944.02076450699
-20584.223098266884 2689.2462913746467 2689.2462913746467 -22195.058271983602
-17033.793991696097 957.3656520964907 957.3656520964907 -21190.58213031189
-26191.858606314236 1378.416487271495 1378.416487271495 -19707.136123923738
-26603.543296962787 9830.6301160004 9830.6301160004 -44764.788525067655
-25675.91989053188 7524.063820344823 7524.063820344823 -49162.12446178683
-29230.550851552754 10963.746532177174 10963.746532177174 -49538.66704945053
-27188.372882744192 8314.95843066281 8314.95843066281 -50472.531372420024
-25445.211700905147 8807.845422963914 8807.845422963914 -46536.03141802994
-28023.062643572765 7296.563932520963 7296.563932520963 -55858.79318336775
-22482.52494951332 2490.730736136925 2490.730736136925 -35849.27702448253
-22776.773240797673 3650.4008782148258 3650.4008782148258 -35870.85284417109
-23896.871404267527 3580.905523166538 3580.905523166538 -33506.44926332917
-23234.566976162172 4926.620907131165 4926.620907131165 -31109.33187700525
-22469.154668067073 3657.254447874672 3657.254447874672 -28300.593313820733
-23458.173990020514 3951.3775312770417 3951.3775312770417 -32157.394659280137
-23588.161770540642 4598.0560257435445 4598.0560257435445 -27065.388526736166
-21205.35063199921 3010.0156725472807 3010.0156725472807 -24423.187809496325
-23015.20025934796 3349.799315821522 3349.799315821522 -23750.015296074445
-20527.369226774335 2100.512360808202 2100.512360808202 -22030.378151083136
-20199.609582831265 1321.2442639585827 1321.2442639585827 -20870.968884884125
-22100.918581940918 2070.687350022427 2070.687350022427 -21795.130645068337
-21311.918900381585 1156.8019244016914 1156.8019244016914 -20838.17054843132
-20088.7137043361 676.3876772942374 676.3876772942374 -20417.498898408598
-20886.004168928466 518.4293638514971 518.4293638514971 -20466.9016733819
-21169.93186995132 60.288940104915206 60.288940104915206 -19980.59638902183
-20865.15839091498 194.34993789234582 194.34993789234582 -20037.487970258186
-21092.57874115654 23.850940122841898 23.850940122841898 -19916.338076892713
-21122.256305553266 13.855499059293809 13.855499059293809 -19873.699793275984
-20888.30556431217 -80.6874930546341 -80.6874930546341 -19929.092177829054
-20293.02298310107 -86.27574779381067 -86.27574779381067 -19982.184810944535
-20547.1052519167 -43.992960901903515 -43.992960901903515 -19972.594379124443
-20001.687632826444 -144.15452527120584 -144.15452527120584 -20015.595999551024
-20509.467173138477 -98.76382001017393 -98.76382001017393 -19949.15135965729
-19577.08490705259 -190.1047177688785 -190.1047177688785 -20056.157917493772
-20326.023416716806 -137.90107848355723 -137.90107848355723 -19930.726663579222
-19098.913671370377 -223.84748678703858 -223.84748678703858 -20133.443095110153
-20140.19351741918 -183.9850302207859 -183.9850302207859 -19899.421215417246
-18367.998876735517 -223.9688892887504 -223.9688892887504 -20179.648843198604
-20027.40991198289 -156.93110272994457 -156.93110272994457 -19907.485706250885
-19747.867664883528 -141.55320376092254 -141.55320376092254 -19912.0580633776
-17692.699771136624 -186.62920373337016 -186.62920373337016 -20185.34608451471
-17218.932373673404 -102.85000781003225 -102.85000781003225 -20206.47182332841
-19681.713713783825 -177.3622120255298 -177.3622120255298 -19937.7276146719
-16646.562396899666 -8.642758272054138 -8.642758272054138 -20318.92262206679
-19762.670817151804 -83.9178234544087 -83.9178234544087 -19911.325861915393
-19699.215751789823 118.91354775015955 118.91354775015955 -19838.636983524888
-16496.145472498418 -16.22568325533397 -16.22568325533397 -20307.75602496507
-16256.525833891044 59.57514474263901 59.57514474263901 -20206.37439947996
-20807.28385670549 534.6164025580966 534.6164025580966 -19888.093229088576
-16049.432569174762 303.75442604612493 303.75442604612493 -20768.187811298914
-20821.747444102464 272.29343660053155 272.29343660053155 -19747.949366428005
-22556.636772500366 499.86279977054494 499.86279977054494 -19536.426230026624
-31329.486532398274 8282.013340821304 8282.013340821304 -27200.211159803366
-30170.410174836274 3826.4328595883553 3826.4328595883553 -19931.363186589773
-28697.169242597003 8267.512453333467 8267.512453333467 -18461.151837296413
-34389.961043138996 4187.388871784373 4187.388871784373 -65446.75268058781
-32719.38336494933 1262.4006073890594 1262.4006073890594 -60784.51957492036
-30919.864496476617 1003.7217704682012 1003.7217704682012 -55969.34198148049
-32564.12101436256 2634.780855645776 2634.780855645776 -58690.28880269595
-31157.46702415632 1600.412916106631 1600.412916106631 -55260.47369327245
-30037.365259716127 710.764939134471 710.764939134471 -53769.96253644038
-30628.18411801737 800.2048271407623 800.2048271407623 -53802.70391915877
-29831.234124029485 317.0938640200104 317.0938640200104 -52665.922309259695
-30158.634095271325 127.66186270562568 127.66186270562568 -52979.56891947249
-29163.177834597616 -163.98267562512206 -163.98267562512206 -53067.912747131384
-28264.928628566533 466.2432849255017 466.2432849255017 -52575.420100589035
-26063.45179379132 824.0040570529316 824.0040570529316 -51837.57357642393
-27376.0101626194 -221.60564351012914 -221.60564351012914 -53247.0551721103
-25245.574777952264 323.8635120349851 323.8635120349851 -52072.66077414914
-23970.754864639737 1280.6259526654844 1280.6259526654844 -49895.74977368546
-23318.927938488272 824.6632409621184 824.6632409621184 -48814.025191990186
-22474.31276002628 1370.142388406423 1370.142388406423 -46943.63656805685
-21773.60820003803 1191.6888032048023 1191.6888032048023 -44988.8448202735
-21399.532984963185 1117.0201504699735 1117.0201504699735 -43857.032013656215
-21049.391151457326 963.5431704605188 963.5431704605188 -40907.220237547685
-20921.990820955984 1298.623554925372 1298.623554925372 -41631.03308930722
-21698.067316176504 1247.2016938556271 1247.2016938556271 -39369.16620115465
-20855.26555794456 692.1072161377481 692.1072161377481 -20663.472396422425
-24516.656436837402 3232.901939913472 3232.901939913472 -22159.880569804398
-20701.096169504937 1374.315292675244 1374.315292675244 -20613.708087659666
-21441.022945948043 3300.185088822219 3300.185088822219 -41236.25587238539
-22027.330888435503 3693.961756994901 3693.961756994901 -44004.06092471147
-21683.454319747976 3023.092217127032 3023.092217127032 -41711.46879479578
-19823.530856671547 -49.81204173911689 -49.81204173911689 -20447.648691364542
-19731.921518744122 -139.27687015295842 -139.27687015295842 -20310.33154034714
-21947.429045158086 132.92047019087272 132.92047019087272 -19959.936036237552
-20092.0179410757 -261.1016101940533 -261.1016101940533 -20221.395717177667
-20166.32795989342 -229.0837170921194 -229.0837170921194 -20046.260109427185
-21286.76977722528 -405.66204650461134 -405.66204650461134 -19895.390149485444
-20516.175177407422 -152.28345982151842 -152.28345982151842 -19937.994650139513
-21201.11586822358 -196.29545522435794 -196.29545522435794 -19861.639161473664
-20362.38308849678 -246.52693998009607 -246.52693998009607 -20013.54613453474
-27148.96770625366 5980.706581286671 5980.706581286671 -24368.783132813922
-26770.321801085516 3630.8513477356532 3630.8513477356532 -20535.613271535647
-22973.618309055815 3044.963613556123 3044.963613556123 -22681.98944497246
-22892.882456409272 3095.9429502228413 3095.9429502228413 -24774.994153988908
-24690.51478310375 5015.646435888893 5015.646435888893 -28353.59494249343
-22828.81632457167 3987.4480616129204 3987.4480616129204 -30098.606000508593
-30920.979831805478 27.53652002342205 27.53652002342205 -54765.7545695746
-30026.181625096382 1251.3965865080224 1251.3965865080224 -55405.00175897706
-32221.677001891156 -3.5450047957249815 -3.5450047957249815 -58312.18370400825
-25128.604896631605 1803.3392298615454 1803.3392298615454 -51083.23240226536
-24505.842511838782 2654.486989657029 2654.486989657029 -50924.222282576455
-23119.846147449603 3645.436553358433 3645.436553358433 -47019.92786473795
-23818.46639912778 3185.3830121529486 3185.3830121529486 -48608.616129825474
-22453.46720123916 1942.2100308421564 1942.2100308421564 -21957.787705842853
-23179.043439306748 1971.7193692466908 1971.7193692466908 -21849.65153687397
-21818.737306709525 1103.9335845140245 1103.9335845140245 -20623.068583640234
-48319.239639217994 19797.99187744344 19797.99187744344 -48520.51974426386
-28009.11357764846 10065.304703104244 10065.304703104244 -24320.142641075123
-33558.66157453102 10563.234165783306 10563.234165783306 -29686.119026532277
-29626.76275126239 383.0891768481731 383.0891768481731 -53227.73294352411
-27181.6341992748 909.8157472028818 909.8157472028818 -52813.34337515487
-28380.189365189533 -93.41110346569707 -93.41110346569707 -54716.691723205055
-26854.49745837131 9642.845574404335 9642.845574404335 -51101.68066629942
-33177.64007975184 6521.941765275597 6521.941765275597 -71836.64115268755
-33436.97027027454 197.1515125075902 197.1515125075902 -64210.86474904309
-21176.57794472131 551.043686040085 551.043686040085 -20069.207846968973
-21418.176932841754 472.10571056271783 472.10571056271783 -20172.47987463238
-20892.010397827118 264.70754054080203 264.70754054080203 -20009.932929989558
-21120.926391697314 -130.7695407480188 -130.7695407480188 -19901.079821021674
-20539.410769663373 -58.35838419450425 -58.35838419450425 -19932.758404169577
-21079.696095639 -33.29876365496537 -33.29876365496537 -19899.77983617792
-21326.222038747568 87.89999440539381 87.89999440539381 -19911.81179916212
-29814.621670949502 373.2389974185355 373.2389974185355 -53895.78391830633
-30581.618586122313 280.43871676215736 280.43871676215736 -53169.32341380131
-28122.3834684279 1209.6676622611853 1209.6676622611853 -53962.39410015119
-30072.82701229297 13.275074162161498 13.275074162161498 -58143.803240635585
-27876.01876677541 931.7874098339078 931.7874098339078 -57462.74757016329
-26534.157228734413 532.7361730065579 532.7361730065579 -54285.9726176339
-25233.590305581107 2692.108605812844 2692.108605812844 -51430.23244291353
-29498.07729427911 1649.5058702817596 1649.5058702817596 -62143.185783017514
-29060.981512045317 1834.706689323145 1834.706689323145 -56657.07861239528
-25598.311110693576 3970.166897455265 3970.166897455265 -52327.46921966046
-27203.6262829292 4887.15360130519 4887.15360130519 -55696.6481746152
-25784.277310475536 2955.0275371513508 2955.0275371513508 -53423.69126472503
-24495.057092881107 5738.184199703153 5738.184199703153 -48263.4595466832
-24017.625777926376 4241.859523923717 4241.859523923717 -48457.80037369743
-25772.330461002133 6515.152016867021 6515.152016867021 -49921.23911243216
-24927.65820921365 4770.201933550903 4770.201933550903 -49814.550254141286
-23615.595722309037 6876.765732764197 6876.765732764197 -43732.78352047528
-24102.51103453014 3334.6635938279883 3334.6635938279883 -24196.052837719133
-23482.398872464844 2051.0678908348677 2051.0678908348677 -22364.621477635035
-23783.121542994326 3848.707692814717 3848.707692814717 -25309.985196593378
-25012.825758070285 4003.682834517435 4003.682834517435 -25051.287689142828
-25546.47037639774 5834.3257636463395 5834.3257636463395 -29796.849462782433
-23582.493564388995 5538.725339910101 5538.725339910101 -33997.97674771539
-23097.421702817053 5411.093361535812 5411.093361535812 -32612.743221481287
-23730.095284594514 5570.318836815397 5570.318836815397 -29249.51915093946
-24243.088062737355 4475.35999951731 4475.35999951731 -25675.830068157116
-26101.758612785754 4636.923293028716 4636.923293028716 -24505.20462687705
-24261.31735374859 2505.947552849996 2505.947552849996 -22992.2766783088
-24413.445071834132 2330.492660559262 2330.492660559262 -21874.186227579987
-26660.806809610254 7233.058272031025 7233.058272031025 -30535.86768916903
-24257.072801469036 6850.302516160285 6850.302516160285 -30146.952037984534
-25464.15819289673 7225.474935979009 7225.474935979009 -34709.13380145911
-24034.196526214444 2025.5775244050874 2025.5775244050874 -21766.57908260464
-23117.605361051086 679.5672274382516 679.5672274382516 -20664.944875118927
-24098.660764447057 2223.1900851642467 2223.1900851642467 -22365.00149457998
-25052.383994765605 5706.399162234069 5706.399162234069 -25295.634375394537
-26579.19664490886 5448.049315953846 5448.049315953846 -25843.745612110448
-24285.530054726078 2827.7387336451648 2827.7387336451648 -22083.640518892793
-24687.36066885472 8240.740753163394 8240.740753163394 -30819.27860940793
-26478.02140491074 8882.714761658057 8882.714761658057 -36443.801872666794
-28218.533436382284 8789.740598032324 8789.740598032324 -32020.970967155394
-23679.346956880687 7152.805994490384 7152.805994490384 -37843.3294283145
-22904.788824447613 5968.78883716475 5968.78883716475 -34652.35614532221
-23870.584183306757 7246.740104151503 7246.740104151503 -38597.69538142416
-25539.373935948603 7936.826027051841 7936.826027051841 -45072.286305064765
-28104.50107677729 10401.107009587235 10401.107009587235 -39853.33615341059
-23810.09640511661 7576.850861289924 7576.850861289924 -40904.05930029416
-24228.766352684368 8758.241924758231 8758.241924758231 -37639.43170821892
-22914.95659092563 5832.901681299843 5832.901681299843 -42927.81196548834
-23628.62708255882 5657.9204026828265 5657.9204026828265 -45159.68225777637
-22313.847367692502 5189.854924465586 5189.854924465586 -40127.12929660189
-30080.214290236305 9850.382767244442 9850.382767244442 -31805.57767679677
-25766.649792226635 6773.993079117666 6773.993079117666 -24514.926342801948
-24766.39734051495 9040.450918942435 9040.450918942435 -29468.77442363269
-22406.0477619233 5276.480134525554 5276.480134525554 -40448.706157052766
-23177.52427736873 6250.471314042295 6250.471314042295 -35767.272721082954
-21902.097701614995 4660.863032609095 4660.863032609095 -36931.38338018983
-22413.254286584823 4110.4344644302255 4110.4344644302255 -35153.47777836325
-22144.54215720829 4163.797647122772 4163.797647122772 -34311.68945792342
-24933.427858098017 3186.7336989235446 3186.7336989235446 -21759.850941840727
-26978.667369781575 6242.518617043674 6242.518617043674 -26331.449980542893
-22884.853711317362 817.0295840773967 817.0295840773967 -20429.475756599928
-24553.545181490426 2697.7658223561157 2697.7658223561157 -22195.945717127885
-24504.133119648173 3211.4138024364315 3211.4138024364315 -22687.32915858041
-23617.415520640123 1011.1283348134621 1011.1283348134621 -20476.475500915094
-24702.031477978788 2654.206508127618 2654.206508127618 -22079.364094904733
-26549.905958331914 7491.941555426674 7491.941555426674 -24171.776549281247
-25799.84054558479 3375.172527370176 3375.172527370176 -20917.2495348033
-29153.31403733668 7041.9089969617535 7041.9089969617535 -24762.942117516955
-25550.973236578357 3837.9026321684332 3837.9026321684332 -22806.381212919227
-30997.64385085192 12390.772866768084 12390.772866768084 -40807.93803220692
-26471.849471237867 10221.827024412705 10221.827024412705 -29064.666668155005
-33133.89334650501 11402.124817441192 11402.124817441192 -32933.37297766863
-27270.739108584447 9432.550441413026 9432.550441413026 -46107.187022995844
-25465.2507957777 9516.31613206635 9516.31613206635 -40776.55974582572
-22640.924226178704 807.3895126982394 807.3895126982394 -20849.667458389566
-22734.09662680502 781.887903792832 781.887903792832 -20628.003072734668
-22073.012400146818 299.0881183071711 299.0881183071711 -19958.246598823414
-22043.99995558756 1026.8599061164 1026.8599061164 -20695.654176573298
-21822.780905506443 235.58276164828084 235.58276164828084 -20137.391626294517
-22719.19365857669 852.4536267072842 852.4536267072842 -20482.22866549243
-22197.099601233967 -128.60429890801106 -128.60429890801106 -20076.77075925928
-22644.17142786318 879.4038525156786 879.4038525156786 -20733.426606463043
-22594.095172350466 866.0126505607856 866.0126505607856 -20619.365383663688
-21482.191261766093 188.62002398400392 188.62002398400392 -20060.73340810587
-21173.30631957932 -249.22739077464473 -249.22739077464473 -20092.139727757443
-21984.010867981317 47.861727104248324 47.861727104248324 -19978.041378181653
-21708.979261982317 -263.4609061386591 -263.4609061386591 -20044.766218423258
-22975.267837162766 1259.7785487861568 1259.7785487861568 -20949.69705537282
-23246.00342473848 772.5182895779772 772.5182895779772 -20267.259793631274
-21462.559219588642 416.60427923276035 416.60427923276035 -20674.447224842555
-21348.244891927145 111.61576213850805 111.61576213850805 -19865.79778043661
-21516.15491898919 253.82631389838272 253.82631389838272 -20097.977280934476
-22485.331818414674 3380.871662585181 3380.871662585181 -45101.554731512355
-21941.86724281324 2432.871860424884 2432.871860424884 -39300.140330611444
-21106.81186553452 2968.687264647757 2968.687264647757 -38226.58255805949
-23456.40157764138 1260.6215491648072 1260.6215491648072 -20047.03259417271
-21319.028809089596 46.51412912363642 46.51412912363642 -19956.162275429484
-19808.164688596175 -267.6432283746405 -267.6432283746405 -20151.141273201814
-22586.834238432177 1081.2271925998161 1081.2271925998161 -20305.757563431824
-19757.495201575297 201.26429663201043 201.26429663201043 -20880.893419557033
-21549.488287452343 -14.661558307997083 -14.661558307997083 -19840.520542317307
-21185.0214727924 -142.56794418784548 -142.56794418784548 -19910.64975922193
-21117.655861644846 -193.1610037117813 -193.1610037117813 -19871.581536124348
-24475.499634727046 8166.352536332606 8166.352536332606 -43379.399038678785
-21380.673986408758 -216.54174204060453 -216.54174204060453 -19881.71575916346
-33732.2657073648 13082.011333283781 13082.011333283781 -58658.37821462606
-36994.31290450877 15362.319905209817 15362.319905209817 -45113.86371512453
-27895.310532528318 11295.566753160874 11295.566753160874 -42052.07227996656
-29017.540630115072 11407.796084561696 11407.796084561696 -48058.86913545616
-22076.87736470188 955.4187620196406 955.4187620196406 -20931.619603915336
-28429.123486831937 6943.283184086513 6943.283184086513 -22066.886072537465
-22201.457542213862 4507.619750494936 4507.619750494936 -37906.86093953914
-26227.5475514542 7243.071581358631 7243.071581358631 -53048.96438552589
-30059.518521254635 9629.10812240217 9629.10812240217 -58751.02758060827
-27427.570353507337 6936.65232110302 6936.65232110302 -55915.86735146455
-30516.990986411893 1494.5663178600053 1494.5663178600053 -60582.221764737165
-25760.51853966124 2680.842040452957 2680.842040452957 -20585.58209245195
-23323.639933963208 5380.794737544626 5380.794737544626 -45708.540025664304
D 254
38996259.91633659 -676839.1247442723 5705788.717914049 17154882.614154045 -196403.82965439773 41184913.72893814
37596575.58452161 -499064.12545916735 5622449.42756854 16848256.890464272 -112814.4355580047 40964985.169316664
39215796.66838781 -573613.3078728291 5665735.289279838 17018231.866587043 -152743.32303300087 40272705.24972764
39216603.63785533 -573341.0336865202 5665759.51941838 17018272.54878076 -152468.1035810444 40271981.42662344
39214025.806991324 -568509.2594104098 5664141.425291728 17001131.604718823 -138247.20042219007 40153612.700100206
39228288.03999492 -559130.0044305841 5668668.8787185885 17010206.6437807 -129392.35153034344 40166676.267865054
38088210.16918637 -545697.7369000037 5676702.602100419 16998767.81219823 -156404.27843196204 41134906.21646554
38639051.210356586 -564586.3047080447 5707247.732244765 17111860.75055952 -160627.9401077482 41183357.38251884
38070444.730713464 -563890.2527339831 5667909.096139305 16983967.390043255 -158619.38301110425 41122203.343464755
37372502.41704994 -2185943.7667051414 5094857.096968775 15533754.586850746 -1990439.3061975136 35948963.01947363
34108484.60195695 -1006778.8612350632 5411836.580396502 16064552.139323728 -552188.0520295118 40289566.5809906
38812748.8429656 -902202.0888199266 5578734.132344313 16802382.858250905 -416594.43780763407 39818972.44414971
36372721.03213159 -649942.3916008007 5431563.178002799 16291428.841924027 -235770.4598441557 39643077.80959435
39114216.34347543 -751265.181851366 5606182.227913071 16747889.86433766 -384127.6089287411 38807080.205318436
34881521.55045212 -1600789.0180103686 5344818.786284057 16002786.564422637 -917623.5213326286 39692582.84670025
33885607.88823837 -1298877.1838317534 5321179.530088524 15841093.031288918 -741765.0290887508 39631340.91511107
35093274.129662625 -1620848.4250936601 5369799.778664485 16067244.21221268 -944971.6412691562 39746681.525997944
34580685.48154389 -1353113.2363270344 5348895.993621105 15975331.582848899 -780012.8825524595 39733007.09324202
33477130.971959535 -1545352.7191440978 5273962.174667828 15705043.683244325 -924912.077335648 39423596.52508312
34195481.22378412 -1130156.1186066656 5368244.509936307 15987539.0150337 -544296.3411162348 40022385.67872223
37747708.773375176 -797658.2207504947 5564240.720482538 16757955.494266013 -305641.90354520874 40673527.88410784
37678493.182710074 -907935.3866367044 5583836.55601183 16781335.804191638 -370981.2891205033 40733827.58690931
38810266.10958909 -721027.757767505 5656325.781344365 17011372.694806244 -270435.28639183927 40717457.52593572
38209977.16922954 -870311.1077349733 5602965.671836981 16859581.240222815 -364826.2245117078 40637015.85785401
38922351.78725814 -895531.0196699549 5601822.694711403 16909468.2186608 -441651.34356134327 40335166.85023343
38723543.582223386 -753469.6255157276 5639232.207128579 16975054.138090793 -296983.2061159434 40684567.32151868
38882530.77201026 -881273.9756880616 5604608.046135966 16903547.84092624 -421975.0323638231 40299771.20835051
38860490.41521157 -863282.7057170817 5607024.151444068 16914809.269747857 -355678.1904826378 40387741.93428551
39173915.54794249 -779232.7314570777 5627907.635221494 16965586.472989067 -346109.59706112114 40271699.57689502
39089372.32656153 -796904.0187762004 5623359.009253406 16925079.640765216 -346847.43051029765 40077674.43572464
39217224.401345275 -763475.6753545257 5630876.358025452 16948900.419967648 -340154.5176372598 40065215.09548026
39378707.131096825 -652372.670271767 5686252.901872904 17069830.035265256 -208601.61847101193 40317403.81551067
39340398.23600649 -692397.1535433937 5664030.384676826 17018741.731766723 -272826.36496497743 40169231.39435233
39034090.62848497 -694290.3393599894 5605121.86359606 16886732.58322438 -292074.6836336451 40008551.17038457
39325629.324716024 -600090.8452406247 5671575.427829606 17040168.00212908 -163763.77586763707 40279960.23081359
39337125.58836592 -589466.1097332789 5674040.272028762 17007861.451723255 -150809.32822487925 39985363.24056421
39215243.839082025 -573432.1824863825 5665738.284811228 17018240.30960254 -152560.38758931652 40273295.71021151
39337134.97610341 -589511.654062912 5674038.119800147 17007855.523454245 -150855.1706186285 39985327.954139344
39337034.047658876 -589524.7979004916 5674036.8449960705 17007852.967629306 -150868.97585124776 39985421.17850935
39228043.7332331 -559254.7659284617 5668664.380259417 17010200.53163227 -129519.96280879485 40166916.628143825
39214221.86863983 -568561.5633859927 5664142.843216298 17001135.438170318 -138302.88063769232 40153433.14759432
39213844.825704865 -568518.9633508335 5664137.858008064 17001124.885177437 -138255.6606930207 40153775.55177587
39216353.13480236 -573838.1087782186 5665733.5329403 17018228.31064212 -152975.7611131263 40272137.971493386
39213863.618381195 -568585.3895686313 5664135.292292689 17001120.803677432 -138323.8952454416 40153749.75277529
38934942.000095315 -475287.79485233594 5630804.616173222 16927133.94477838 -79819.32944324575 40174083.2563234
39214101.43714203 -568626.3974455361 5664137.5465863645 17001125.517192174 -138367.72827656873 40153527.136358656
38389088.793085776 -329323.7751494683 5550203.825349142 16732037.088813871 48015.41795571298 39965169.55358725
39155899.53192837 -525286.886058931 5641132.295130019 16954719.05581951 -88993.12475212902 40070529.86953899
37669575.156746365 -365343.4333093768 5546784.871471542 16637664.303454073 28515.973437762503 39963890.48825767
39156075.38221213 -525248.5700556594 5641136.932689307 16954727.344689712 -88955.36086942245 40070373.98784404
39054988.24683259 -501994.6507584878 5636497.472418437 16935553.193510674 -79266.7596516273 40064462.516170405
37261172.4565163 -431657.54282965633 5509304.492140663 16515796.565744093 -34718.49587529527 39772155.085027166
36461650.44201343 -367736.6244353676 5416589.6358089065 16275909.971753307 -19881.71370805704 39579732.91060467
39055114.77340984 -502037.0420929603 5636498.248348864 16935556.023256104 -79312.46648721403 40064350.835210145
35975750.72654089 -402280.18950915907 5372971.831621537 16149404.13339054 -52594.06727339971 39489763.95168494
39054970.79091666 -501923.47396213544 5636500.119298804 16935556.812914092 -79192.90547595755 40064482.48567604
39119672.913351424 -628824.2421619811 5634772.816638449 16932604.01488468 -213150.81591190607 39993430.97097282
35976044.427442536 -402300.9117772397 5372968.998708429 16149385.79607684 -52601.59122998147 39489351.88419737
35876515.511108026 -410794.74825282465 5372302.106080703 16135966.5435745 -55432.035170044335 39488195.70709764
39286682.22399547 -641801.7469539775 5648932.17949818 16964926.51330711 -236178.74107943967 39943407.8930723
35925136.12148753 -430330.41113215894 5381209.985847725 16140780.852778167 -58953.6394675833 39389010.76505675
39174976.2027495 -609855.254082207 5641519.841766137 16925940.316584762 -210298.2388487983 39817347.799004376
39386727.81690024 -643494.4639817771 5688668.658641775 17037414.81833892 -197482.39259825117 40025904.05422685
38894836.40321506 -1097159.1306614985 5505700.002871068 16640702.765120935 -745467.5331688563 39173785.37729228
38953585.27629238 -895529.5698760729 5545565.352935551 16447259.041594483 -577011.2916597744 37168833.39905275
36199484.136578396 -1965618.1239532589 4809460.798349526 14515603.341381397 -1844360.0625164232 31830734.256918374
37787954.8231221 -730553.6683606025 5665937.446325152 16949028.45152478 -269176.94865167525 41144898.23932037
38208374.078325085 -564636.9517313319 5666708.552526738 16997873.828186985 -163826.46040590282 41107530.93516522
37910531.38506216 -571043.7675980856 5662301.965607485 16954935.554695442 -162795.44197832973 41105933.30991283
39026102.15660018 -724198.2629772708 5721598.936031831 17180289.588536605 -231769.72228217364 41200225.10569425
38580264.20062241 -693956.0734115293 5700512.770649383 17091387.516049907 -232505.2639846806 41145708.135606945
38135925.69149355 -567474.9151680624 5685521.16138402 17017777.527050152 -171261.6258856266 41151082.820262216
38577536.86372386 -623289.3098986876 5716194.042865756 17117446.957297105 -188915.00027290548 41200098.27655997
38207742.090429224 -570651.8864313591 5681122.463798098 17020018.03084062 -166544.63959989586 41141177.42959424
38563152.517629646 -554345.5221308096 5705944.854055902 17100551.15582168 -157110.94758870866 41181808.09980283
38023546.6822606 -512500.69837324007 5662398.456908981 16968756.15636121 -131915.78843746355 41102517.90926105
37622032.1906087 -482206.14495473856 5652423.154770769 16904425.346599456 -119457.41093758542 41089138.943105586
36955236.607119784 -480656.7881423205 5590897.222896458 16722542.55976482 -93774.82255492933 40916131.55014546
37215882.3093437 -427034.4711994856 5544232.70175951 16670917.345013969 -95357.31603889406 40709129.33955941
35614537.75063414 -384905.25222165795 5490580.413399889 16387872.772555128 -44216.302986594754 40582640.205486484
35277014.13301094 -464550.9974957233 5488125.74184586 16335544.778872997 -113846.57871781706 40526086.5830635
34926076.6157118 -341694.27548802266 5419882.435143925 16188351.6438252 -8091.6193525334165 40381912.08159267
34447682.33201864 -389021.9881970697 5407479.399872065 16082664.592641199 -53597.564140574395 40138840.29860952
34387386.86958228 -442099.7991115372 5394071.430284815 16056220.227226006 -83269.96159664635 40121660.55008451
34796737.92498435 -380474.19136345026 5431290.97602797 16170276.732634343 -27698.48694573457 40252566.07688906
35713608.399033315 -494426.19591585017 5477984.447024073 16366349.322687395 -129651.7378923296 40437341.629244894
35455993.918761574 -613205.9878097962 5463254.273145129 16304563.309197748 -208281.89329673178 40347969.726265386
36628470.223802485 -535038.8418428652 5558115.280012579 16619648.116759345 -143095.90120151892 40747561.812895186
39398683.05431617 -642933.6866183924 5691511.240704232 17080436.33621891 -200974.1803030848 40329694.936658725
39172614.044097185 -735402.7417490403 5628842.377316879 16916870.303922888 -320155.2975731482 39873924.3256195
39216170.66440443 -763403.6114929253 5630874.180516535 16948901.77742838 -340092.34410238185 40066301.45582999
35494988.031637184 -757819.7246166812 5508337.596275946 16380181.705421558 -311594.70409474615 40463089.547522314
34311808.951647356 -790742.7035577031 5350900.9661334 15973600.857630594 -324432.6146877259 39967988.13478304
35583973.96350693 -749122.5333349236 5501505.124584886 16378898.155235002 -296834.95159886114 40432159.93292148
39217189.30718365 -573722.401861445 5665758.29672019 17018282.107436795 -152872.37482132515 40271484.44272559
39115634.51936175 -550604.3189181177 5661103.8895684425 16999078.79046328 -143316.91596890567 40265956.76915545
39408650.30036084 -632414.4342082534 5693989.109230611 17048187.62662674 -188160.7524361692 40036959.56011523
39231145.411365345 -564678.0283620235 5670252.746430191 17027289.056235272 -144346.20918650794 40284639.38704229
39170712.14615237 -516032.5669712258 5645654.5431947 16963782.664666153 -80265.02856802371 40083003.60450555
39227014.86551242 -563016.2853226027 5668210.803868186 16985957.1924923 -139820.92488844227 39978534.495340966
39228494.132133536 -559337.9476900032 5668651.97463556 17010170.474691868 -129597.38152750842 40166349.74516564
39336905.65616069 -589805.0601856967 5674033.422916606 17007850.14889448 -151154.6407707038 39985561.21457615
39228809.47443399 -559450.9426735081 5668654.081507362 17010178.381850515 -129718.4347264729 40166076.56699595
39043247.26890402 -911390.4325965485 5593273.314321157 16865734.811625037 -487012.29972188716 39949897.78505911
39216809.43033102 -771966.332510463 5618508.257124666 16788517.985670224 -424562.4380547582 38906251.71196321
39119296.51777493 -727534.1142954971 5628947.459149885 16934303.02709902 -313549.14088022156 40065652.82927498
39217200.66728253 -735060.4040353477 5653023.180252567 17029450.98462847 -268698.5580341264 40488175.10901782
38943629.92847224 -890784.4276160123 5607744.301511257 16931836.69507648 -431602.835462701 40433620.34488777
38802657.97101917 -882823.8883877625 5621063.54052184 16949930.52126834 -379293.31469840097 40586150.651697434
38379088.85878715 -576972.7567603573 5703625.819252187 17074121.253222305 -165283.04115708673 41177622.885357074
37731006.954472564 -537438.2720886002 5656767.112597738 16924510.060631473 -149192.06715561217 41097402.31584882
38281716.74377919 -500707.77222858794 5663095.608794451 17001675.55868122 -127740.16999820138 41100731.54696439
35716090.20984056 -523555.36674862326 5517357.079088112 16441068.410844633 -140110.61351325965 40638886.1939788
34747321.01035126 -546526.8405106599 5437648.139231292 16167077.614204668 -133185.05553359367 40212818.40545693
34076935.204017416 -685488.0485597304 5337574.322683587 15918116.75334919 -245792.1353798781 39892255.47251791
34524886.68570737 -531329.5763567201 5421197.045626276 16115456.971872361 -153771.2939335983 40186798.52559828
39378471.45916275 -652589.4363863469 5686260.598131102 17069860.57397919 -208825.83952108715 40317806.85502128
39377223.5831882 -652439.2522153106 5686261.663955914 17069897.570719633 -208702.40679502158 40319340.12773484
39377226.23917877 -653926.5962536123 5686210.820327581 17069720.855565872 -210188.023321503 40318432.22767077
37266674.45324532 -1965420.5571586806 5191601.104142143 15803319.09071278 -1605389.0078384394 37243866.93204739
36237366.57460482 -2060555.6504325185 5014787.541373575 15203309.188407807 -1787369.2315208714 35241231.25133878
37972656.28378319 -1308749.1412956081 5402774.278277861 16292127.274624348 -929076.3543689996 38336618.84992913
38022377.92076412 -511399.38729116815 5662362.226956039 16968735.90110994 -130843.33685205827 41103886.92739236
37231915.40462056 -523904.5725120578 5592429.193591827 16753616.75552045 -195366.65549484553 40872726.610538974
37471684.31916492 -367844.3293856911 5610033.48835771 16815353.86946383 -28344.706101885095 40950811.6614843
32959025.251364935 -1624130.1474630188 5202898.6632852955 15501660.800979648 -1048581.003920762 39025274.32192736
34480848.20317299 -911706.0498579756 5421866.72214324 16090724.845983006 -484079.9628153972 40026283.23801769
38058206.83382719 -567437.8381131956 5666529.516786096 16978019.912400667 -165878.62486048078 41100657.20884961
39359653.179314226 -681504.5553025736 5669322.584964965 17029470.913603924 -263740.1567939484 40182888.157029815
39397276.28006108 -643168.8987700987 5691503.964452991 17080442.326663375 -201229.0703995881 40331222.608964734
39215172.69824362 -573341.7975172166 5665738.9393811235 17018240.369602036 -152467.7605031447 40273360.766854845
39227252.10805818 -562648.8095320596 5668215.488220714 16985959.89011446 -139445.40088031403 39978272.05842469
39213801.69709838 -568535.8261898693 5664135.895723645 17001120.61988362 -138271.826106065 40153804.17314216
39337126.776610374 -589586.9098023671 5674036.877417629 17007853.39161155 -150931.5855869081 39985331.52143924
39336819.80714883 -589431.7350825435 5674038.77292019 17007859.536961332 -150776.1216258679 39985668.67288169
38023650.17276332 -511428.7892093826 5662401.070190833 16968819.379365817 -130857.241723162 41102894.0711217
38638328.14998487 -564643.9313663589 5707246.725768788 17111869.48882046 -160711.36347895305 41184160.4140377
37316668.70920429 -506994.5836342724 5623552.365363052 16823789.91864978 -147524.59764786382 41038126.896361895
37577440.31274243 -506875.2280548823 5617682.331432019 16833592.165921286 -178071.45345907504 40914473.61292849
36625478.15160366 -594395.4326505697 5577873.474022855 16654014.821897982 -217424.90105922546 40827905.5881295
36423964.575271495 -430380.74634178384 5536227.466661701 16557734.706579054 -87897.04174808788 40675638.32601354
35453976.84520991 -625643.6353210195 5499212.127415993 16358673.933282565 -195271.47327960446 40423293.24975996
35942541.6963665 -558443.2451520719 5547613.105678538 16511961.26150466 -179774.74644002196 40677017.25152964
37327755.256305784 -556469.7530850387 5586021.447761981 16747427.704547687 -175950.7444592296 40791451.81687422
34665463.274591245 -767761.6580219534 5437982.593128599 16149913.11104914 -346056.6934072683 40154015.5736255
34725514.86650419 -873455.9684214412 5414327.255145094 16125824.285981463 -392954.0234910393 40137806.76072227
35081736.82333565 -551175.5294684542 5482831.089789201 16284119.942063985 -156080.82978273463 40362911.71435685
33895705.571208656 -1014498.1436087972 5320817.796041294 15882077.491136102 -496951.255808553 39952736.27483903
34461975.83243393 -748487.5000997427 5337631.209253535 15966220.358819501 -275566.9538068004 39891474.818974465
33916435.000622295 -1270549.4303144382 5361855.934821003 15956523.083330452 -677426.7008664324 40117190.18933263
34474379.8882906 -830260.5878865144 5377541.566689618 16040044.541706825 -370293.2268771036 40070560.65882698
34118469.438407995 -1309367.8936532019 5309752.240357456 15842724.653076297 -736149.001405946 39525805.215434656
39268308.950760804 -718743.735748332 5657341.801583436 17034274.10924461 -271055.33211701305 40432465.58648931
39377658.4426488 -652339.9678486814 5686279.907475058 17069951.08968552 -208597.22886893657 40319150.95586444
39082547.72543625 -803182.8577835027 5635015.735836874 16980835.486499373 -361891.45526375534 40413978.50519133
39301313.188291535 -768785.2582703651 5645758.367961205 17023869.360427193 -344377.47295858996 40432057.691785224
39029837.72528391 -895567.5531001263 5615831.542562606 16954098.374576315 -436510.4523438877 40444633.57536465
37794555.019759014 -996432.5422161878 5556885.485187341 16707357.622281518 -462668.69745121314 40295450.952153526
37525155.76274325 -1065700.479063237 5537004.135204093 16663615.876185518 -474882.9976846465 40413729.72848337
38570690.64317387 -996018.5068837192 5570160.107479121 16837963.835517216 -505972.53867448063 40431418.69511512
39081769.73276003 -822656.4695911963 5629860.969346846 16966314.440033443 -381428.27645005164 40350135.802928716
39297586.27631655 -769764.3989991153 5645013.408841448 17017102.46251159 -349335.28826473793 40389099.024378404
39269964.37733719 -629966.5293320699 5682532.259731224 17062869.15320004 -210992.1010421948 40407666.026998796
39263054.71986209 -621699.3230025099 5678121.8954238705 17024224.158285275 -188051.97242509585 40149519.41551706
38549008.28319754 -988108.5220057967 5583355.657073446 16817175.814373467 -508750.246360906 40154841.34268357
37797592.88865656 -1283483.2184035804 5491655.884897345 16583373.16976519 -746358.4231842405 39952833.30500914
37492386.914427646 -1206099.0340475913 5503360.9199157795 16573251.026300088 -601366.4597766144 40060011.884430714
39265142.25349167 -627446.1925240157 5679695.658325309 17041268.896824367 -203182.26450864034 40268052.18032922
39389968.200169355 -645130.1798001198 5690750.737331821 17078880.052913483 -201967.6070095208 40333564.76978826
39266893.53095438 -624915.3021323563 5680465.124783879 17048103.538334057 -196640.610857685 40313283.31743956
38765482.69925753 -929191.3609698046 5588124.507427444 16836984.946237426 -455882.58960355393 40049151.52264394
39147233.74930906 -797780.7657018134 5626873.8239284195 16979259.65271657 -378260.3744716787 40418104.949036755
39265823.09592586 -626416.0481392597 5680170.184834544 17038925.162121717 -202068.6360668365 40243876.08579039
37229307.747164704 -1453060.2865387467 5390716.611966014 16339433.200319935 -896687.8840075083 39578991.426411256
37354363.12361913 -1351409.7916462773 5463602.338903413 16474299.153912414 -756809.9916488845 39804006.44118708
37916191.71836067 -1288188.8666290264 5462303.7124410225 16544830.005543843 -772140.6119312759 39819410.90583916
36939965.08081902 -1290683.2924212704 5489547.380905374 16521707.95810251 -603288.2091362114 40338224.590316154
36763113.86152683 -1255474.961156953 5479651.703950802 16447757.48934444 -619474.5005610115 40022428.84114821
36994962.00670234 -1247981.193921851 5489059.45196036 16527660.920867167 -584502.8579592734 40335730.65624705
35579549.71728753 -1405879.4144558765 5374123.020720315 16158282.563224535 -753233.9803455133 39945480.4192623
37126182.12211723 -1400873.1560807587 5435020.7163888365 16418076.805352207 -796264.5245986433 39868224.84601214
35956034.37292834 -1423564.83673576 5362287.553659993 16186349.43346185 -780392.5504944315 39911885.369188055
36000358.413856015 -1582298.88563155 5320420.110434487 16056875.513452876 -964629.1771384864 39250444.31529489
34761759.5379644 -1255365.9245328298 5365635.679643695 16066757.327373527 -655656.6303278258 40115942.1361792
34457046.213277206 -1229050.8120749462 5343462.530975596 15991223.353658073 -640535.5499377723 40038115.17271976
35935435.45262342 -1003135.5172545472 5474600.799908961 16393839.668488787 -453542.3082398072 40469273.764080234
37907669.53932227 -1344931.3455610413 5429892.078966166 16449237.13726389 -850658.299810991 39387306.480948836
38065388.776057996 -1312342.490350429 5418239.510600462 16395039.547873655 -906394.2516331689 38912532.226598196
37025730.551936604 -1625233.6037489905 5299645.510026236 16080642.507195953 -1139786.1220774993 38622954.1076674
35714143.06467783 -1103525.8344334534 5436114.35584152 16301352.714006511 -532926.4456035318 40335534.954296544
36841286.96922118 -1284559.4873843514 5488412.000250063 16492187.564479502 -641376.6356069022 40212093.37673885
36704751.60526436 -1060140.2760045498 5488201.296019456 16510029.054524893 -476583.3569981074 40493467.745560214
37472662.65514635 -977290.2053494221 5555009.405031912 16682235.39558491 -452823.4922371616 40435126.342883356
37471392.210103735 -977160.0000037757 5554983.96532717 16682163.816917624 -452739.829898869 40436078.55049132
39320590.080980055 -744103.9715334242 5644087.217561181 16921923.054399658 -325601.662007442 39613921.945455864
39110852.9950726 -881290.8644416326 5607462.165763079 16929173.2328041 -456979.82744872774 40247910.91679688
39389896.17410522 -644901.8231934989 5690739.675381662 17078846.78037783 -201735.33110133873 40333481.233863726
39265609.761146605 -626612.6553000379 5680177.367333362 17038956.7736831 -202270.22641690585 40244270.5330945
39226002.5837867 -756558.0381102307 5634029.670707258 16949494.31415172 -331158.933853716 40029654.93099536
39261388.20648979 -627180.6682333632 5677615.831192204 16999810.255310494 -200098.42546474558 39960935.432262495
39322608.19909435 -633192.8705468854 5680839.400900691 17047058.948581513 -204625.48964027286 40245469.18602933
37978831.42269731 -1401490.2435963324 5379324.234465059 16257044.670614496 -1038246.934512009 38284283.32540635
39321514.14456225 -774619.464272031 5622571.334955652 16834556.297483094 -419233.64803803386 39129222.707589366
38827492.992255226 -1055737.0740668944 5517112.522742092 16583973.364019418 -690463.9077540248 38673168.411042355
39281803.895712234 -761834.2961595689 5634715.939219432 16957667.257875063 -332195.7924003443 40032374.50723657
36875471.78603286 -1686254.5510680687 5297132.492994781 16093610.07949448 -1201795.759710445 38902083.5451708
36321187.97078214 -1973265.411769979 5078313.811806987 15580257.181040868 -1601773.908620129 37537731.05911658
37637357.9452767 -1431275.4392009699 5358361.42414338 16237683.296043182 -1010587.398369788 38680493.89222827
36258420.04145559 -1416554.7614877075 5392496.135656736 16241775.419675179 -793093.428110389 39750821.76009491
36261007.078136005 -1502867.7783711147 5377345.0620428 16206104.109747712 -844914.7166057216 39614374.89883745
39411215.00559235 -633305.5088843459 5696066.9509394495 17089637.457151733 -191902.40139832502 40345215.04019192
39410668.68602522 -633311.0389106857 5696061.581662475 17089632.03776478 -191918.94994160518 40345771.71372735
39408468.65724889 -632169.7777059064 5693990.925033244 17048192.761569194 -187915.0929838399 40037164.112940386
39377032.32839895 -654043.6379500573 5686214.4529716745 17069735.636490397 -210310.4319051593 40318708.063211635
39411298.97480903 -634170.4408752866 5696029.557685449 17089525.855464146 -192768.93099683555 40344612.22486419
39390264.861824445 -644870.8749717292 5690739.824623109 17078835.843327735 -201693.79166385555 40333023.54603937
39335695.336617194 -589744.4309583198 5674069.07230343 17007965.21709798 -151130.9009995169 39987335.6171656
39390806.1992339 -644838.0254131672 5690746.787711116 17078850.201809738 -201653.1915162374 40332527.450029284
39410892.50656399 -633207.5355630347 5696059.358544845 17089617.14674445 -191806.18764252993 40345450.97466706
39338945.64729787 -591180.2797928344 5676091.278809314 17049237.928515654 -155396.083240417 40294044.928446
39227911.60227048 -559486.0849900017 5668673.944207381 17010233.906858683 -129763.61894856289 40167220.122865275
39408629.57696805 -632541.377822293 5693989.811090495 17048191.187614374 -188290.04648345156 40037001.75123858
39336440.13675554 -589925.6976336102 5674054.5077005625 17007916.847635943 -151294.910765384 39986349.49496508
39376000.20630043 -653536.5696627222 5686234.998185374 17069829.452503067 -209830.59078748096 40320285.317170404
39373913.84113937 -657588.8528369794 5685762.377347023 17045541.771608435 -220447.9221955535 40132796.475910835
39412597.623590216 -633968.2702623736 5696029.6073042145 17089509.524520822 -192541.82463809734 40343182.37581838
39336700.08280702 -589389.5828153965 5674044.562061605 17007876.786393445 -150740.69558451427 39985868.52949984
39338956.33574814 -591091.7258018708 5676093.073384739 17049242.012306932 -155305.84418161586 40294048.95970402
34698633.46939647 -590521.677026921 5413966.493782085 16128139.622232452 -177967.7760419919 40186818.465389736
36892733.10227067 -754172.3382387348 5548139.179169219 16625753.591513734 -307499.3119986551 40631903.74001025
36326520.04832265 -693345.0831215535 5515384.038293874 16498490.553953981 -287226.62660803605 40507563.89656793
39260570.32013914 -629203.7231073712 5677338.754477066 16942694.90261601 -207000.90032322195 39507601.24669273
39336892.25763144 -589487.2538229192 5674039.351583011 17007861.789292797 -150832.32942487538 39985608.45759091
39056876.39736409 -507374.48241814075 5638082.714464899 16952641.88923661 -94049.96761193832 40183431.38853549
39390148.20209434 -644504.4363426409 5690732.251620216 17078812.788032852 -201322.05106193078 40333031.474631995
39160439.70845612 -595534.9017706632 5658552.833331174 17000679.709891062 -165072.87861147724 40259469.49723524
39336390.663392164 -589566.5130800301 5674043.477700799 17007879.95098809 -150923.6792643611 39986214.08968004
39336999.388406515 -589734.3361379597 5674035.520382856 17007854.01508976 -151082.3713304462 39985477.44807601
39227212.25033532 -562730.7795146332 5668213.709857489 16985956.79335783 -139528.91121452153 39978304.91755207
34365687.40248531 -1439410.5090153622 5327711.687868366 15904708.112625027 -841503.9761329287 39594860.41853814
39336675.71483689 -589842.5220960872 5674041.743261618 17007876.137175933 -151201.3441238647 39985915.87721217
34471029.63977033 -1747140.2834031181 5283048.2881345935 15817588.052702026 -1106965.824626622 39239191.66504412
37120253.285461605 -1798859.7724927615 5267330.342102368 16043551.56350082 -1341635.8662132144 38554855.48170071
35371463.66373756 -1872067.8528404776 5218231.051545397 15812585.321871074 -1268699.4702118076 38946907.986337245
34165188.39442687 -1778418.4993236398 5204080.102287769 15642698.277749013 -1192200.8651999657 38935596.48897215
39397527.80954408 -642479.8567188487 5691537.284634811 17080536.82853429 -200532.06326263314 40331393.81317268
38300347.17572912 -1255511.0305526634 5399878.771964524 16179919.75719473 -1002637.1682419622 37140222.852489695
36727539.82638638 -947552.0835690509 5520494.8119868655 16564710.44921379 -410133.8624387664 40585195.52942378
33538229.12397443 -1216052.107077785 5283304.474085953 15742052.66402269 -713952.8177895125 39565147.30529524
33801658.76850033 -1488951.14937923 5325571.62438636 15835698.996396799 -855441.5038457782 39628216.79674947
34287658.07053465 -1124197.7104899283 5341867.840847641 15941103.762127543 -614224.7411357082 39822493.49282396
37474933.91323066 -631236.186821513 5615088.0398233365 16815826.921437565 -247688.71224785055 40900800.96616505
39343553.91443366 -743331.2841015244 5632443.426110224 16841158.236648362 -361639.6930478986 39061277.58547349
33674215.63603181 -1048422.3510346186 5337876.521510639 15888676.643785061 -488799.4636644142 40056432.170945734
eps 254
0.0 6.60628947554833e-05 6.60628947554833e-05 -0.0005820290959369266
0.00013370129941016706 3.6634907384840674e-05 3.6634907384840674e-05 -0.0006544355135744074
-2.8671566600101327e-05 2.0882446878987064e-06 2.0882446878987064e-06 -7.105937348152208e-06
0.0 1.4335783300076757e-05 1.4335783300076757e-05 -1.1282426723957224e-05
-2.232672855710271e-05 -3.547878236130973e-06 -3.547878236130973e-06 4.141333686130153e-06
-3.008903665022029e-05 -4.775408473572503e-07 -4.775408473572503e-07 5.790431012265084e-06
0.0 1.3641054341886528e-05 1.3641054341886528e-05 -0.0011157240097421778
-2.707545136315012e-05 5.845859299417194e-06 5.845859299417194e-06 -0.0011039430524005904
0.0 3.9431748189322965e-05 3.9431748189322965e-05 -0.0018058593242285953
-0.001241272759288588 0.0026044317901729977 0.0026044317901729977 -0.0008653557939887098
0.0010056387849872082 0.0010914980861685744 0.0010914980861685744 -0.003356746877188359
1.6851540264035784e-06 0.00012086393520037192 0.00012086393520037192 -7.337520446651716e-05
0.00013200350418615388 4.687712067543803e-05 4.687712067543803e-05 -7.296421241658434e-05
-0.00023964465116221417 6.095701177757256e-05 6.095701177757256e-05 7.624262065863453e-05
0.00039196155063534534 0.0008088575703444781 0.0008088575703444781 -0.001109402281766491
0.0005240894500808895 0.0005953434388177397 0.0005953434388177397 -0.0013440305583166372
0.00036782734043620504 0.0008990370832621206 0.0008990370832621206 -0.0012809773180140205
0.00040718242000600097 0.0006117835510954979 0.0006117835510954979 -0.0013217105539166463
0.0006259931834924088 0.0008193963376895116 0.0008193963376895116 -0.0013149784872347955
0.0005196201811916361 0.0005589144789806389 0.0005589144789806389 -0.0015907541889705196
9.913685799887664e-05 0.00012038953786551564 0.00012038953786551564 -0.0005717234425330613
9.457797648960845e-05 0.00018012498712193984 0.00018012498712193984 -0.0005731307340349879
0.0 0.00015987315125525598 0.00015987315125525598 -0.0004505438743351186
1.0090119575793962e-05 0.00023679716370743456 0.00023679716370743456 -0.00037873136593607223
0.0 0.0001671218987147559 0.0001671218987147559 -0.00027881780218326317
5.045936978037709e-06 0.00017987358000981314 0.00017987358000981314 -0.0004086778784899807
-5.680409313935436e-05 0.00021169911666870978 0.00021169911666870978 -0.00022161578289166272
0.0 0.0001354715334357723 0.0001354715334357723 -0.00014850297031682576
-7.589820090725944e-05 0.00014816278316039796 0.00014816278316039796 -0.00010678937600167384
0.0 9.22154131887731e-05 9.22154131887731e-05 -6.828988834362637e-05
0.0 5.5549536143993106e-05 5.5549536143993106e-05 -2.9483446484877287e-05
-6.117772769930372e-05 8.878690858041429e-05 8.878690858041429e-05 -4.752888032845287e-05
-4.231656819886272e-05 4.802492146217956e-05 4.802492146217956e-05 -2.2296833233399512e-05
0.0 3.0299955520924258e-05 3.0299955520924258e-05 -1.5797507727372628e-05
-3.2071225376548545e-05 2.247286801734062e-05 2.247286801734062e-05 -1.2942456692531793e-05
-4.357637579227459e-05 1.3422518067426267e-06 1.3422518067426267e-06 7.672708783085533e-06
-3.423094857807173e-05 7.70839732183596e-06 7.70839732183596e-06 3.6807695693049865e-06
-4.1138296766453213e-05 -1.7273246727556077e-07 -1.7273246727556077e-07 9.553752887773343e-06
-4.252156440386207e-05 -6.157147582906895e-07 -6.157147582906895e-07 1.1297635099107159e-05
-3.616803638071785e-05 -4.89620179798621e-06 -4.89620179798621e-06 8.045114586778381e-06
-1.5376988666398678e-05 -6.156273704974385e-06 -6.156273704974385e-06 2.9328202691027585e-06
-2.861827567038985e-05 -3.881382900220815e-06 -3.881382900220815e-06 5.305279237532659e-06
-4.829534967953133e-08 -9.321229474158314e-06 -9.321229474158314e-06 -9.228471419093539e-07
-2.6927172358061466e-05 -7.077427261486738e-06 -7.077427261486738e-06 6.215354231273619e-06
2.2414296523535438e-05 -1.1722855861015241e-05 -1.1722855861015241e-05 -6.156947380183126e-06
-1.757142661274101e-05 -9.226952376631777e-06 -9.226952376631777e-06 5.792949442267639e-06
3.735080438467228e-05 -1.0477374302024808e-05 -1.0477374302024808e-05 -1.0925883514725527e-05
-8.195396446546651e-06 -1.1791835843432278e-05 -1.1791835843432278e-05 6.0127613693752705e-06
6.2332050456254e-05 -9.78940354170126e-06 -9.78940354170126e-06 -1.8308341402583695e-05
-2.2090896239882087e-06 -1.0101588447395781e-05 -1.0101588447395781e-05 4.771272604231329e-06
1.2449525137469563e-05 -8.974084579178648e-06 -8.974084579178648e-06 2.4715315468611435e-06
9.019483234775388e-05 -8.160829332304873e-06 -8.160829332304873e-06 -2.646731610783323e-05
0.00011069141216324402 -4.1415867482015795e-06 -4.1415867482015795e-06 -3.312814401384826e-05
1.605821727251541e-05 -1.1044784249363162e-05 -1.1044784249363162e-05 6.608212196839813e-07
0.00013774832653899542 5.570334533987848e-07 5.570334533987848e-07 -4.4933606813095254e-05
1.175161849061447e-05 -5.574955691207945e-06 -5.574955691207945e-06 2.6249129136296815e-06
1.4880233302965878e-05 6.476193221416782e-06 6.476193221416782e-06 5.888048732159267e-06
0.0001449751376764233 2.2888405018040361e-07 2.2888405018040361e-07 -4.711971564994857e-05
0.00015538385316503562 4.116965509161309e-06 4.116965509161309e-06 -4.705407848548757e-05
-3.241159019796224e-05 2.3394667467960988e-05 2.3394667467960988e-05 9.350560207267277e-06
0.00017359801437563378 1.671507554583374e-05 1.671507554583374e-05 -7.300162280586813e-05
-3.418474217135322e-05 1.1343501887109051e-05 1.1343501887109051e-05 1.4889554781166454e-05
-9.792637023766786e-05 2.017695654401143e-05 2.017695654401143e-05 3.7404757748923066e-05
-0.0003600457822306171 0.0004180291600258219 0.0004180291600258219 -0.0001294483508951661
-0.00041963491740331944 0.0001934411183988705 0.0001934411183988705 0.00015086973185674674
-0.0005943797862424263 0.0010665299520799033 0.0010665299520799033 0.0006947580140570439
3.6209285978902985e-05 0.00022839313253563722 0.00022839313253563722 -0.0015999118680134813
0.0 6.032767750985121e-05 6.032767750985121e-05 -0.0013937768346192862
0.0 4.4116262807158443e-05 4.4116262807158443e-05 -0.0012204489128933016
-2.8078993927593926e-05 0.00012727516185833906 0.00012727516185833906 -0.001307112873756417
-2.7903486127314415e-05 7.221283380686396e-05 7.221283380686396e-05 -0.0011787046251907542
0.0 2.8397374156922017e-05 2.8397374156922017e-05 -0.0011389876666075376
-2.998704073196141e-05 3.1028526819110466e-05 3.1028526819110466e-05 -0.0011245031353397904
-9.91472040383174e-06 7.291788630344603e-06 7.291788630344603e-06 -0.0010952225319631106
-2.1290262109340764e-05 -2.9947563381874318e-06 -2.9947563381874318e-06 -0.001100967704121776
3.6145996881937635e-05 -1.6387298801318816e-05 -1.6387298801318816e-05 -0.0011350383727690497
8.003020448496484e-05 1.7788784310714817e-05 1.7788784310714817e-05 -0.0011420906653632577
0.00023987725368798847 4.904455037528944e-05 4.904455037528944e-05 -0.0012220239293894795
0.0001710001471052963 -1.633503777572005e-05 -1.633503777572005e-05 -0.0012266896339284041
0.0003406106941812885 2.6012142520827436e-05 2.6012142520827436e-05 -0.0012973156743359728
0.0004117415152441795 9.049475076082633e-05 9.049475076082633e-05 -0.001272110156400461
0.0004394145698192962 6.13143354181505e-05 6.13143354181505e-05 -0.0012492838024063656
0.00046559410717339424 9.849609357621622e-05 9.849609357621622e-05 -0.0011982553248077038
0.0004353954080711012 8.899735307091642e-05 8.899735307091642e-05 -0.0011026046664907928
0.0004083889386398058 8.522642404270708e-05 8.522642404270708e-05 -0.0010399473355538597
0.00030138535663052127 5.86415501674446e-05 5.86415501674446e-05 -0.0008530688411846877
0.0003493454235913377 8.683728571888346e-05 8.683728571888346e-05 -0.0009122288347718239
0.00020359836810340606 6.509223549271274e-05 6.509223549271274e-05 -0.0007410550441360752
-2.9417310495121347e-05 3.041308385133627e-05 3.041308385133627e-05 -2.078926627370356e-05
-0.00014766498727033177 0.0001427085138192651 0.0001427085138192651 -3.545903636523705e-05
-1.9997914787164264e-05 5.75282757423853e-05 5.75282757423853e-05 -1.6998344218564082e-05
0.0003309268788068727 0.00021349517372318353 0.00021349517372318353 -0.0008975706522735098
0.0004118979690824686 0.00024947251178989235 0.00024947251178989235 -0.0010571525837511989
0.00031254985925149127 0.00019345878626525435 0.00019345878626525435 -0.0009008136501337078
1.2581052677229637e-05 -3.656568701339134e-06 -3.656568701339134e-06 -2.4132172297542396e-05
1.6229975593711624e-05 -8.839658023830182e-06 -8.839658023830182e-06 -1.7884614794718193e-05
-7.166174518264041e-05 4.205781255212858e-06 4.205781255212858e-06 1.5618506685114233e-05
-3.4340161635559212e-06 -1.6301001683625412e-05 -1.6301001683625412e-05 -1.071892880424806e-05
-8.546177433101217e-06 -1.4471625030807463e-05 -1.4471625030807463e-05 -1.279252459936446e-06
-4.9017465154616805e-05 -1.868233205725741e-05 -1.868233205725741e-05 1.1467232665665946e-05
-2.745161961178399e-05 -1.0236385377084162e-05 -1.0236385377084162e-05 6.828171850934648e-06
-4.578555647999705e-05 -9.657299365871411e-06 -9.657299365871411e-06 1.2197034997600336e-05
-1.9035468818019372e-05 -1.566060360916378e-05 -1.566060360916378e-05 1.8335748785783696e-06
-0.00022859657990219215 0.00028670505807455813 0.00028670505807455813 -7.781863673480063e-05
-0.0002575973121595965 0.00016841454792529658 0.00016841454792529658 6.066656406579496e-05
-8.466787250341626e-05 0.00013398770130402062 0.00013398770130402062 -6.888660398633034e-05
-6.210765538355974e-05 0.00013578408414117858 0.00013578408414117858 -0.00014471097304912954
-8.45808723021544e-05 0.00022965399679975056 0.00022965399679975056 -0.0002566500537182582
7.4976877831270275e-06 0.00018336811213094464 0.00018336811213094464 -0.0003405788433066436
-2.88118761145187e-05 -8.00561563792233e-06 -8.00561563792233e-06 -0.0011601107383266088
4.3903117300564406e-05 5.984009658649592e-05 5.984009658649592e-05 -0.001227322785813065
-2.8078993926939014e-05 -9.146620000694865e-06 -9.146620000694865e-06 -0.0012886431241729696
0.00032407219778898594 0.00012163093664895252 0.00012163093664895252 -0.001257437073535852
0.00046101344478914304 0.00018586770777771118 0.00018586770777771118 -0.001355823651757522
0.0004451430360705888 0.00024702304307132507 0.00024702304307132507 -0.0011968432094329653
0.0004255540102228052 0.00021519967605693972 0.00021519967605693972 -0.0012426280913470991
-7.309454909028755e-05 8.266900035703708e-05 8.266900035703708e-05 -5.064439617919562e-05
-0.00010025615049776419 8.414409778744891e-05 8.414409778744891e-05 -3.94722712523083e-05
-6.091590614170568e-05 4.563019890231421e-05 4.563019890231421e-05 -9.413381065332898e-06
-0.0005956093404126282 0.00171192316882266 0.00171192316882266 -0.0007709196957244539
-0.00024395418976697622 0.0009020469157288274 0.0009020469157288274 4.125373453993993e-05
-0.0004193672545600447 0.0006129103461570008 0.0006129103461570008 -0.00018495972499350637
1.2204266281360585e-05 1.1320088956136436e-05 1.1320088956136436e-05 -0.0011263909301959052
0.0001761116198553591 4.8861050155066344e-05 4.8861050155066344e-05 -0.0012166539745755971
0.000136834253595806 -9.21891744220671e-06 -9.21891744220671e-06 -0.0012594578494118675
0.0010056196213347269 0.0010697986093648518 0.0010697986093648518 -0.00175500235682291
0.0007198889234576676 0.0005208615658311554 0.0005208615658311554 -0.0023301842600815265
3.612171948851381e-05 7.521150700979634e-06 7.521150700979634e-06 -0.0015407946608370568
-4.275932313606373e-05 2.2354542322360993e-05 2.2354542322360993e-05 4.627062831366027e-06
-5.016086839828777e-05 1.8677605161355734e-05 1.8677605161355734e-05 2.952831654467825e-06
-3.5400023922838435e-05 1.0920833044318227e-05 1.0920833044318227e-05 4.944097288673852e-06
-4.246733737121731e-05 -6.810299782135887e-06 -6.810299782135887e-06 1.0265336029663966e-05
-2.854246176294329e-05 -4.722419583635817e-06 -4.722419583635817e-06 7.2789196066082205e-06
-4.0827672912682194e-05 -2.612142828979946e-06 -2.612142828979946e-06 1.0074257853656665e-05
-4.979863014088106e-05 2.4370093176628985e-06 2.4370093176628985e-06 1.1155654312071125e-05
1.4901430852853573e-05 1.0785325037900565e-05 1.0785325037900565e-05 -0.0011520721514330472
-3.992559563880463e-05 4.059808210314081e-06 4.059808210314081e-06 -0.0010977548490364065
0.00014150829878785938 6.437289840980503e-05 6.437289840980503e-05 -0.0012382532567298595
0.00010946606545059965 1.512439656982487e-07 1.512439656982487e-07 -0.0013669707185672043
0.0002902195704284171 6.9253076254359e-05 6.9253076254359e-05 -0.0014661522183171214
0.0002931953118798763 3.9573517760823224e-05 3.9573517760823224e-05 -0.0013477265224001644
0.00034969355344486496 0.00018036195738794212 0.00018036195738794212 -0.0012923107597277734
0.0003622929559267462 0.00012303273804895943 0.00012303273804895943 -0.0017004492233148125
0.00015501441221156727 0.00010600878312673237 0.00010600878312673237 -0.0013465031739546864
0.0004319823093029366 0.00026981587895737565 0.00026981587895737565 -0.0013945251286371623
0.0004664826545110762 0.00033863774565067725 0.00033863774565067725 -0.001549765760953151
0.00041107453925996984 0.00020175801369358334 0.00020175801369358334 -0.0014136696148792007
0.0004913902932842191 0.00042498278802721127 0.00042498278802721127 -0.0012876974937363244
0.00045705110952826237 0.0002929400434423799 0.0002929400434423799 -0.001266868907944807
0.0004343230374745634 0.0004645860905729165 0.0004645860905729165 -0.001314776257438359
0.0004186750985056526 0.00032503316056667705 0.00032503316056667705 -0.0012937077253644532
0.0004332523661147688 0.000514807516362682 0.000514807516362682 -0.0010781611055804465
-0.00011289410547078818 0.00014573121003134184 0.00014573121003134184 -0.00011285337243660236
-0.00010717517800975124 8.720419470418282e-05 8.720419470418282e-05 -5.53116469028041e-05
-8.812571249207212e-05 0.0001717886735435609 0.0001717886735435609 -0.0001556774182028273
-0.00013732182553995067 0.0001776383457630985 0.0001776383457630985 -0.0001342286503387029
-9.896995730001288e-05 0.00027242481018255874 0.00027242481018255874 -0.0003009049703404658
4.525729598967791e-05 0.0002811914819923986 0.0002811914819923986 -0.0004953193970370555
4.572269236675333e-05 0.0002737583425648567 0.0002737583425648567 -0.0004471783207481076
-2.9239821196599784e-05 0.00026993742478941744 0.00026993742478941744 -0.00030479399025066037
-9.940689272579464e-05 0.00020310559665546676 0.00020310559665546676 -0.00016331298500956944
-0.0001835728505963503 0.00020950708868975202 0.00020950708868975202 -0.00010099516105929859
-0.00013037065296694938 0.00010779175802789021 0.00010779175802789021 -6.913824171588079e-05
-0.00014610864581678418 0.0001010320061582842 0.0001010320061582842 -2.7662865452199184e-05
-0.0001304501992927719 0.00035918398331396016 0.00035918398331396016 -0.00031779461884925964
-2.7610722111645614e-05 0.0003594491331869974 0.0003594491331869974 -0.0003406754997691279
-1.2972205387110379e-05 0.0003806788378590211 0.0003806788378590211 -0.0005037488801994262
-0.00013283340489552825 8.706994748247846e-05 8.706994748247846e-05 -2.780334505836722e-05
-0.00010884060385166119 2.748845976987265e-05 2.748845976987265e-05 1.6337337151694207e-06
-0.00012988347547322505 9.516774767223476e-05 9.516774767223476e-05 -4.8811441768861785e-05
-0.00013184546310272035 0.000272841422483351 0.000272841422483351 -0.0001384429074210063
-0.00018686426549482243 0.00025003893384849924 0.00025003893384849924 -0.00014238646443409924
-0.00013934220897324212 0.00012334290247902573 0.00012334290247902573 -3.6077468138844015e-05
-4.183116777060593e-06 0.00048427649582715284 0.00048427649582715284 -0.0003784327195529109
8.141002907021766e-06 0.0005236260705388508 0.0005236260705388508 -0.0005841807650895511
-0.00016291771096274836 0.00046300742849140824 0.00046300742849140824 -0.00036262820861102736
0.0001623714887857954 0.00043554965435918286 0.00043554965435918286 -0.0006931431561630339
0.00010810949674058747 0.00033135913793369136 0.00033135913793369136 -0.0005493288406348618
0.00017024984935299248 0.00044616244718841434 0.00044616244718841434 -0.0007256329144748265
0.00028244532526330065 0.0005347465206697596 0.0005347465206697596 -0.0010354475933008677
1.5977974738862677e-05 0.000657154573075034 0.000657154573075034 -0.0007166606743472343
0.0002844964501323027 0.0005166235420667533 0.0005166235420667533 -0.0008814888085781395
0.00019623657523165465 0.000593260171467893 0.000593260171467893 -0.0007203567988798881
0.0003729243068473411 0.0004005940238848597 0.0004005940238848597 -0.0010040207021267968
0.0003682156267361744 0.00038133220620150527 0.00038133220620150527 -0.001082749511235083
0.00026291519738500717 0.00032171441247087795 0.00032171441247087795 -0.0008243734678622515
-0.00022873562482417762 0.0005522136428228859 0.0005522136428228859 -0.00033510459828563124
-0.00017069088108112351 0.00035102672412943436 0.00035102672412943436 -9.540873891811241e-05
8.583183089641046e-07 0.0005966736433815213 0.0005966736433815213 -0.00033729178653292124
0.00027118298934492014 0.0003303224292400963 0.0003303224292400963 -0.0008425397846322515
0.0001227078886621791 0.0003581810669304217 0.0003581810669304217 -0.0005967922908688493
0.00019081226706194195 0.00026511962749108814 0.00026511962749108814 -0.0006645626762003092
0.00010790056715212002 0.00020894363600899225 0.00020894363600899225 -0.0005564189520421907
0.00010813048675233878 0.0002116039369541971 0.0002116039369541971 -0.0005274193490631678
-0.00016781482771647638 0.00014200681179054009 0.00014200681179054009 -1.5624467410342308e-05
-0.0001975067165203854 0.0002959854945365458 0.0002959854945365458 -0.00015407677630930369
-0.0001021208382890961 3.374738500917085e-05 3.374738500917085e-05 8.276551171839275e-06
-0.0001484490685955439 0.00011749276008471234 0.00011749276008471234 -3.749975348970756e-05
-0.00014207860008568938 0.00014096608210461056 0.00014096608210461056 -5.4912945473194153e-05
-0.00012935716165498202 4.230890880917965e-05 4.230890880917965e-05 1.4055267458406944e-05
-0.0001551576816128826 0.00011597413803899947 0.00011597413803899947 -3.158237535194771e-05
-0.00020426515707319275 0.00040636815450663296 0.00040636815450663296 -6.799731919279392e-05
-0.00021210799076880387 0.0001535614059689192 0.0001535614059689192 3.015458234497531e-05
-0.0003068795212449237 0.0003541878894892667 0.0003541878894892667 -6.236116695927663e-05
-0.00018080834178627752 0.0001722031425492819 0.0001722031425492819 -4.5885601720484866e-05
-3.910761585069599e-05 0.0008797808304789914 0.0008797808304789914 -0.0007493655800266457
-4.838057012766099e-05 0.0007997847966071321 0.0007997847966071321 -0.00029129980764263513
-0.00033543327250319416 0.0006857827864323504 0.0006857827864323504 -0.0003346968204104295
0.00023948163184116375 0.0006535284128884786 0.0006535284128884786 -0.0010585107239987832
0.00024385040169939043 0.000688580762742217 0.000688580762742217 -0.0008654426894066031
-8.968601434809612e-05 3.3047220688587614e-05 3.3047220688587614e-05 -1.010494079509855e-05
-9.486900716101186e-05 3.208702670545023e-05 3.208702670545023e-05 -7.193415602244578e-07
-7.613015384513764e-05 1.1341377056300837e-05 1.1341377056300837e-05 1.668566820783566e-05
-6.872514083129716e-05 4.217375052420257e-05 4.217375052420257e-05 -1.047558479349277e-05
-6.538587195304416e-05 8.57390549835305e-06 8.57390549835305e-06 7.570797536159246e-06
-9.548335767397827e-05 3.525418140424873e-05 3.525418140424873e-05 4.463524259221209e-06
-8.042771108903674e-05 -7.3394491891039614e-06 -7.3394491891039614e-06 1.3899402999098499e-05
-9.057528350686986e-05 3.637251851793204e-05 3.637251851793204e-05 -5.189042500229932e-06
-8.975237633513728e-05 3.5712875155407886e-05 3.5712875155407886e-05 -2.1385696552973245e-06
-5.352904065266469e-05 6.652442595868555e-06 6.652442595868555e-06 7.254789818946772e-06
-4.336546340077266e-05 -1.1916915587693633e-05 -1.1916915587693633e-05 3.5813390940438243e-06
-7.296191011709494e-05 5.039147100453397e-07 5.039147100453397e-07 1.5205853584563225e-05
-6.239262031985697e-05 -1.2725334110711656e-05 -1.2725334110711656e-05 9.971577778259105e-06
-0.00010066373052508787 5.3058286675747545e-05 5.3058286675747545e-05 -9.470532031155272e-06
-0.00011726655094079132 3.1817363342108446e-05 3.1817363342108446e-05 1.7761711185311198e-05
-4.9833642523789865e-05 1.6306377345657816e-05 1.6306377345657816e-05 -1.5672109860972853e-05
-5.0002861315787126e-05 3.473112069304159e-06 3.473112069304159e-06 1.338356235153984e-05
-5.446483295025849e-05 9.397188531096787e-06 9.397188531096787e-06 6.163830009833064e-06
0.00039705309361478755 0.00022672804713306187 0.00022672804713306187 -0.001088242522488072
0.0001970316737293867 0.00012905670280289626 0.00012905670280289626 -0.0007380431098931885
0.00023740171523198777 0.00016710511299274173 0.00016710511299274173 -0.0007235241650772629
-0.0001273313213942696 5.383379657176746e-05 5.383379657176746e-05 2.867247036903711e-05
-4.929772790467215e-05 6.671347504363668e-07 6.671347504363668e-07 9.474043662932195e-06
1.0878330080746922e-05 -1.6476055982915714e-05 -1.6476055982915714e-05 -9.260838779052484e-06
-9.186638010442349e-05 4.549985052051654e-05 4.549985052051654e-05 9.887281043960872e-06
1.5472589646862082e-05 8.651580277400982e-06 8.651580277400982e-06 -3.60208378749941e-05
-5.766059480655684e-05 -1.9879304960896234e-06 -1.9879304960896234e-06 1.5568721627682984e-05
-4.4812181732764414e-05 -7.351311533846439e-06 -7.351311533846439e-06 1.0303075548443657e-05
-4.259894942191763e-05 -9.47926464179775e-06 -9.47926464179775e-06 1.1320713290730856e-05
0.0004034478951968467 0.0006215325289274183 0.0006215325289274183 -0.0010525083675831503
-5.142390768658858e-05 -1.0476157734942145e-05 -1.0476157734942145e-05 1.2954355560579431e-05
0.0005099574660432203 0.001198328557086629 0.001198328557086629 -0.0017283782260789134
-0.00017257535875746244 0.0012097692510335766 0.0012097692510335766 -0.0008641493132091065
0.0002679992884436792 0.0009426598811578371 0.0009426598811578371 -0.0009472025498684072
0.0004952022962851803 0.0010851007400602606 0.0010851007400602606 -0.0013188822313854147
-6.836443258895452e-05 3.8992804660339345e-05 3.8992804660339345e-05 -1.8661402105800808e-05
-0.00032526442613947236 0.0003796934365246855 0.0003796934365246855 5.56537085589651e-05
0.0001864034686316009 0.0002535241129761692 0.0002535241129761692 -0.0006949659765997856
0.0006772301423325033 0.0006129499644848438 0.0006129499644848438 -0.0015841406575852791
0.0006258936591576627 0.0008038042059750486 0.0008038042059750486 -0.001785605492761638
0.0006021175079080779 0.000541566672377378 0.000541566672377378 -0.0016461062608465922
0.00015518767311560857 8.987352059440298e-05 8.987352059440298e-05 -0.0014893205581508542
-0.00021219814331576884 0.0001203680245072861 0.0001203680245072861 3.903592847471788e-05
0.00043652097894633017 0.0003789334956316819 0.0003789334956316819 -0.0011490462113026957
eps_abs 254
0.0 0.0 0.0 0.0
0.0 0.0 0.0 0.0
0.0 0.0 0.0 0.0
0.0 0.0 0.0 0.0
0.0 0.0 0.0 0.0
0.0 0.0 0.0 0.0
0.0 0.0 0.0 0.0
0.0 0.0 0.0 0.0
0.0 0.0 0.0 0.0
0.0 0.0 0.0 0.0
0.0 0.0 0.0 0.0
0.0 0.0 0.0 0.0
0.0 0.0 0.0 0.0
0.0 0.0 0.0 0.0
0.0 0.0 0.0 0.0
0.0 0.0 0.0 0.0
0.0 0.0 0.0 0.0
0.0 0.0 0.0 0.0
0.0 0.0 0.0 0.0
0.0 0.0 0.0 0.0
0.0 0.0 0.0 0.0
0.0 0.0 0.0 0.0
0.0 0.0 0.0 0.0
0.0 0.0 0.0 0.0
0.0 0.0 0.0 0.0
0.0 0.0 0.0 0.0
0.0 0.0 0.0 0.0
0.0 0.0 0.0 0.0
0.0 0.0 0.0 0.0
0.0 0.0 0.0 0.0
0.0 0.0 0.0 0.0
0.0 0.0 0.0 0.0
0.0 0.0 0.0 0.0
0.0 0.0 0.0 0.0
0.0 0.0 0.0 0.0
0.0 0.0 0.0 0.0
0.0 0.0 0.0 0.0
0.0 0.0 0.0 0.0
0.0 0.0 0.0 0.0
0.0 0.0 0.0 0.0
0.0 0.0 0.0 0.0
0.0 0.0 0.0 0.0
0.0 0.0 0.0 0.0
0.0 0.0 0.0 0.0
0.0 0.0 0.0 0.0
0.0 0.0 0.0 0.0
0.0 0.0 0.0 0.0
0.0 0.0 0.0 0.0
0.0 0.0 0.0 0.0
0.0 0.0 0.0 0.0
0.0 0.0 0.0 0.0
0.0 0.0 0.0 0.0
0.0 0.0 0.0 0.0
0.0 0.0 0.0 0.0
0.0 0.0 0.0 0.0
0.0 0.0 0.0 0.0
0.0 0.0 0.0 0.0
0.0 0.0 0.0 0.0
0.0 0.0 0.0 0.0
0.0 0.0 0.0 0.0
0.0 0.0 0.0 0.0
0.0 0.0 0.0 0.0
0.0 0.0 0.0 0.0
0.0 0.0 0.0 0.0
0.0 0.0 0.0 0.0
0.0 0.0 0.0 0.0
0.0 0.0 0.0 0.0
0.0 0.0 0.0 0.0
0.0 0.0 0.0 0.0
0.0 0.0 0.0 0.0
0.0 0.0 0.0 0.0
0.0 0.0 0.0 0.0
0.0 0.0 0.0 0.0
0.0 0.0 0.0 0.0
0.0 0.0 0.0 0.0
0.0 0.0 0.0 0.0
0.0 0.0 0.0 0.0
0.0 0.0 0.0 0.0
0.0 0.0 0.0 0.0
0.0 0.0 0.0 0.0
0.0 0.0 0.0 0.0
0.0 0.0 0.0 0.0
0.0 0.0 0.0 0.0
0.0 0.0 0.0 0.0
0.0 0.0 0.0 0.0
0.0 0.0 0.0 0.0
0.0 0.0 0.0 0.0
0.0 0.0 0.0 0.0
0.0 0.0 0.0 0.0
0.0 0.0 0.0 0.0
0.0 0.0 0.0 0.0
0.0 0.0 0.0 0.0
0.0 0.0 0.0 0.0
0.0 0.0 0.0 0.0
0.0 0.0 0.0 0.0
0.0 0.0 0.0 0.0
0.0 0.0 0.0 0.0
0.0 0.0 0.0 0.0
0.0 0.0 0.0 0.0
0.0 0.0 0.0 0.0
0.0 0.0 0.0 0.0
0.0 0.0 0.0 0.0
0.0 0.0 0.0 0.0
0.0 0.0 0.0 0.0
0.0 0.0 0.0 0.0
0.0 0.0 0.0 0.0
0.0 0.0 0.0 0.0
0.0 0.0 0.0 0.0
0.0 0.0 0.0 0.0
0.0 0.0 0.0 0.0
0.0 0.0 0.0 0.0
0.0 0.0 0.0 0.0
0.0 0.0 0.0 0.0
0.0 0.0 0.0 0.0
0.0 0.0 0.0 0.0
0.0 0.0 0.0 0.0
0.0 0.0 0.0 0.0
0.0 0.0 0.0 0.0
0.0 0.0 0.0 0.0
0.0 0.0 0.0 0.0
0.0 0.0 0.0 0.0
0.0 0.0 0.0 0.0
0.0 0.0 0.0 0.0
0.0 0.0 0.0 0.0
0.0 0.0 0.0 0.0
0.0 0.0 0.0 0.0
0.0 0.0 0.0 0.0
0.0 0.0 0.0 0.0
0.0 0.0 0.0 0.0
0.0 0.0 0.0 0.0
0.0 0.0 0.0 0.0
0.0 0.0 0.0 0.0
0.0 0.0 0.0 0.0
0.0 0.0 0.0 0.0
0.0 0.0 0.0 0.0
0.0 0.0 0.0 0.0
0.0 0.0 0.0 0.0
0.0 0.0 0.0 0.0
0.0 0.0 0.0 0.0
0.0 0.0 0.0 0.0
0.0 0.0 0.0 0.0
0.0 0.0 0.0 0.0
0.0 0.0 0.0 0.0
0.0 0.0 0.0 0.0
0.0 0.0 0.0 0.0
0.0 0.0 0.0 0.0
0.0 0.0 0.0 0.0
0.0 0.0 0.0 0.0
0.0 0.0 0.0 0.0
0.0 0.0 0.0 0.0
0.0 0.0 0.0 0.0
0.0 0.0 0.0 0.0
0.0 0.0 0.0 0.0
0.0 0.0 0.0 0.0
0.0 0.0 0.0 0.0
0.0 0.0 0.0 0.0
0.0 0.0 0.0 0.0
0.0 0.0 0.0 0.0
0.0 0.0 0.0 0.0
0.0 0.0 0.0 0.0
0.0 0.0 0.0 0.0
0.0 0.0 0.0 0.0
0.0 0.0 0.0 0.0
0.0 0.0 0.0 0.0
0.0 0.0 0.0 0.0
0.0 0.0 0.0 0.0
0.0 0.0 0.0 0.0
0.0 0.0 0.0 0.0
0.0 0.0 0.0 0.0
0.0 0.0 0.0 0.0
0.0 0.0 0.0 0.0
0.0 0.0 0.0 0.0
0.0 0.0 0.0 0.0
0.0 0.0 0.0 0.0
0.0 0.0 0.0 0.0
0.0 0.0 0.0 0.0
0.0 0.0 0.0 0.0
0.0 0.0 0.0 0.0
0.0 0.0 0.0 0.0
0.0 0.0 0.0 0.0
0.0 0.0 0.0 0.0
0.0 0.0 0.0 0.0
0.0 0.0 0.0 0.0
0.0 0.0 0.0 0.0
0.0 0.0 0.0 0.0
0.0 0.0 0.0 0.0
0.0 0.0 0.0 0.0
0.0 0.0 0.0 0.0
0.0 0.0 0.0 0.0
0.0 0.0 0.0 0.0
0.0 0.0 0.0 0.0
0.0 0.0 0.0 0.0
0.0 0.0 0.0 0.0
0.0 0.0 0.0 0.0
0.0 0.0 0.0 0.0
0.0 0.0 0.0 0.0
0.0 0.0 0.0 0.0
0.0 0.0 0.0 0.0
0.0 0.0 0.0 0.0
0.0 0.0 0.0 0.0
0.0 0.0 0.0 0.0
0.0 0.0 0.0 0.0
0.0 0.0 0.0 0.0
0.0 0.0 0.0 0.0
0.0 0.0 0.0 0.0
0.0 0.0 0.0 0.0
0.0 0.0 0.0 0.0
0.0 0.0 0.0 0.0
0.0 0.0 0.0 0.0
0.0 0.0 0.0 0.0
0.0 0.0 0.0 0.0
0.0 0.0 0.0 0.0
0.0 0.0 0.0 0.0
0.0 0.0 0.0 0.0
0.0 0.0 0.0 0.0
0.0 0.0 0.0 0.0
0.0 0.0 0.0 0.0
0.0 0.0 0.0 0.0
0.0 0.0 0.0 0.0
0.0 0.0 0.0 0.0
0.0 0.0 0.0 0.0
0.0 0.0 0.0 0.0
0.0 0.0 0.0 0.0
0.0 0.0 0.0 0.0
0.0 0.0 0.0 0.0
0.0 0.0 0.0 0.0
0.0 0.0 0.0 0.0
0.0 0.0 0.0 0.0
0.0 0.0 0.0 0.0
0.0 0.0 0.0 0.0
0.0 0.0 0.0 0.0
0.0 0.0 0.0 0.0
0.0 0.0 0.0 0.0
0.0 0.0 0.0 0.0
0.0 0.0 0.0 0.0
0.0 0.0 0.0 0.0
0.0 0.0 0.0 0.0
0.0 0.0 0.0 0.0
0.0 0.0 0.0 0.0
0.0 0.0 0.0 0.0
0.0 0.0 0.0 0.0
0.0 0.0 0.0 0.0
0.0 0.0 0.0 0.0
0.0 0.0 0.0 0.0
0.0 0.0 0.0 0.0
0.0 0.0 0.0 0.0
0.0 0.0 0.0 0.0
0.0 0.0 0.0 0.0
0.0 0.0 0.0 0.0
0.0 0.0 0.0 0.0
0.0 0.0 0.0 0.0
0.0 0.0 0.0 0.0
0.0 0.0 0.0 0.0
0.0 0.0 0.0 0.0
sig_last 254
-20003.474659133994 14.124498686684873 14.124498686684873 -19997.997912440413
-20003.474659133994 14.124498686684873 14.124498686684873 -19997.997912440413
-20003.474659133994 14.124498686684873 14.124498686684873 -19997.997912440413
-20003.474659133994 14.124498686684873 14.124498686684873 -19997.997912440413
-20003.474659133994 14.124498686684873 14.124498686684873 -19997.997912440413
-20003.474659133994 14.124498686684873 14.124498686684873 -19997.997912440413
-20003.474659133994 14.124498686684873 14.124498686684873 -19997.997912440413
-20003.474659133994 14.124498686684873 14.124498686684873 -19997.997912440413
-20003.474659133994 14.124498686684873 14.124498686684873 -19997.997912440413
-20003.474659133994 14.124498686684873 14.124498686684873 -19997.997912440413
-20003.474659133994 14.124498686684873 14.124498686684873 -19997.997912440413
-20003.474659133994 14.124498686684873 14.124498686684873 -19997.997912440413
-20003.474659133994 14.124498686684873 14.124498686684873 -19997.997912440413
-20003.474659133994 14.124498686684873 14.124498686684873 -19997.997912440413
-20003.474659133994 14.124498686684873 14.124498686684873 -19997.997912440413
-20003.474659133994 14.124498686684873 14.124498686684873 -19997.997912440413
-20003.474659133994 14.124498686684873 14.124498686684873 -19997.997912440413
-20003.474659133994 14.124498686684873 14.124498686684873 -19997.997912440413
-20003.474659133994 14.124498686684873 14.124498686684873 -19997.997912440413
-20003.474659133994 14.124498686684873 14.124498686684873 -19997.997912440413
-20003.474659133994 14.124498686684873 14.124498686684873 -19997.997912440413
-20003.474659133994 14.124498686684873 14.124498686684873 -19997.997912440413
-20003.474659133994 14.124498686684873 14.124498686684873 -19997.997912440413
-20003.474659133994 14.124498686684873 14.124498686684873 -19997.997912440413
-20003.474659133994 14.124498686684873 14.124498686684873 -19997.997912440413
-20003.474659133994 14.124498686684873 14.124498686684873 -19997.997912440413
-20003.474659133994 14.124498686684873 14.124498686684873 -19997.997912440413
-20003.474659133994 14.124498686684873 14.124498686684873 -19997.997912440413
-20003.474659133994 14.124498686684873 14.124498686684873 -19997.997912440413
-20003.474659133994 14.124498686684873 14.124498686684873 -19997.997912440413
-20003.474659133994 14.124498686684873 14.124498686684873 -19997.997912440413
-20003.474659133994 14.124498686684873 14.124498686684873 -19997.997912440413
-20003.474659133994 14.124498686684873 14.124498686684873 -19997.997912440413
-20003.474659133994 14.124498686684873 14.124498686684873 -19997.997912440413
-20003.474659133994 14.124498686684873 14.124498686684873 -19997.997912440413
-20003.474659133994 14.124498686684873 14.124498686684873 -19997.997912440413
-20003.474659133994 14.124498686684873 14.124498686684873 -19997.997912440413
-20003.474659133994 14.124498686684873 14.124498686684873 -19997.997912440413
-20003.474659133994 14.124498686684873 14.124498686684873 -19997.997912440413
-20003.474659133994 14.124498686684873 14.124498686684873 -19997.997912440413
-20003.474659133994 14.124498686684873 14.124498686684873 -19997.997912440413
-20003.474659133994 14.124498686684873 14.124498686684873 -19997.997912440413
-20003.474659133994 14.124498686684873 14.124498686684873 -19997.997912440413
-20003.474659133994 14.124498686684873 14.124498686684873 -19997.997912440413
-20003.474659133994 14.124498686684873 14.124498686684873 -19997.997912440413
-20003.474659133994 14.124498686684873 14.124498686684873 -19997.997912440413
-20003.474659133994 14.124498686684873 14.124498686684873 -19997.997912440413
-20003.474659133994 14.124498686684873 14.124498686684873 -19997.997912440413
-20003.474659133994 14.124498686684873 14.124498686684873 -19997.997912440413
-20003.474659133994 14.124498686684873 14.124498686684873 -19997.997912440413
-20003.474659133994 14.124498686684873 14.124498686684873 -19997.997912440413
-20003.474659133994 14.124498686684873 14.124498686684873 -19997.997912440413
-20003.474659133994 14.124498686684873 14.124498686684873 -19997.997912440413
-20003.474659133994 14.124498686684873 14.124498686684873 -19997.997912440413
-20003.474659133994 14.124498686684873 14.124498686684873 -19997.997912440413
-20003.474659133994 14.124498686684873 14.124498686684873 -19997.997912440413
-20003.474659133994 14.124498686684873 14.124498686684873 -19997.997912440413
-20003.474659133994 14.124498686684873 14.124498686684873 -19997.997912440413
-20003.474659133994 14.124498686684873 14.124498686684873 -19997.997912440413
-20003.474659133994 14.124498686684873 14.124498686684873 -19997.997912440413
-20003.474659133994 14.124498686684873 14.124498686684873 -19997.997912440413
-20003.474659133994 14.124498686684873 14.124498686684873 -19997.997912440413
-20003.474659133994 14.124498686684873 14.124498686684873 -19997.997912440413
-20003.474659133994 14.124498686684873 14.124498686684873 -19997.997912440413
-20003.474659133994 14.124498686684873 14.124498686684873 -19997.997912440413
-20003.474659133994 14.124498686684873 14.124498686684873 -19997.997912440413
-20003.474659133994 14.124498686684873 14.124498686684873 -19997.997912440413
-20003.474659133994 14.124498686684873 14.124498686684873 -19997.997912440413
-20003.474659133994 14.124498686684873 14.124498686684873 -19997.997912440413
-20003.474659133994 14.124498686684873 14.124498686684873 -19997.997912440413
-20003.474659133994 14.124498686684873 14.124498686684873 -19997.997912440413
-20003.474659133994 14.124498686684873 14.124498686684873 -19997.997912440413
-20003.474659133994 14.124498686684873 14.124498686684873 -19997.997912440413
-20003.474659133994 14.124498686684873 14.124498686684873 -19997.997912440413
-20003.474659133994 14.124498686684873 14.124498686684873 -19997.997912440413
-20003.474659133994 14.124498686684873 14.124498686684873 -19997.997912440413
-20003.474659133994 14.124498686684873 14.124498686684873 -19997.997912440413
-20003.474659133994 14.124498686684873 14.124498686684873 -19997.997912440413
-20003.474659133994 14.124498686684873 14.124498686684873 -19997.997912440413
-20003.474659133994 14.124498686684873 14.124498686684873 -19997.997912440413
-20003.474659133994 14.124498686684873 14.124498686684873 -19997.997912440413
-20003.474659133994 14.124498686684873 14.124498686684873 -19997.997912440413
-20003.474659133994 14.124498686684873 14.124498686684873 -19997.997912440413
-20003.474659133994 14.124498686684873 14.124498686684873 -19997.997912440413
-20003.474659133994 14.124498686684873 14.124498686684873 -19997.997912440413
-20003.474659133994 14.124498686684873 14.124498686684873 -19997.997912440413
-20003.474659133994 14.124498686684873 14.124498686684873 -19997.997912440413
-20003.474659133994 14.124498686684873 14.124498686684873 -19997.997912440413
-20003.474659133994 14.124498686684873 14.124498686684873 -19997.997912440413
-20003.474659133994 14.124498686684873 14.124498686684873 -19997.997912440413
-20003.474659133994 14.124498686684873 14.124498686684873 -19997.997912440413
-20003.474659133994 14.124498686684873 14.124498686684873 -19997.997912440413
-20003.474659133994 14.124498686684873 14.124498686684873 -19997.997912440413
-20003.474659133994 14.124498686684873 14.124498686684873 -19997.997912440413
-20003.474659133994 14.124498686684873 14.124498686684873 -19997.997912440413
-20003.474659133994 14.124498686684873 14.124498686684873 -19997.997912440413
-20003.474659133994 14.124498686684873 14.124498686684873 -19997.997912440413
-20003.474659133994 14.124498686684873 14.124498686684873 -19997.997912440413
-20003.474659133994 14.124498686684873 14.124498686684873 -19997.997912440413
-20003.474659133994 14.124498686684873 14.124498686684873 -19997.997912440413
-20003.474659133994 14.124498686684873 14.124498686684873 -19997.997912440413
-20003.474659133994 14.124498686684873 14.124498686684873 -19997.997912440413
-20003.474659133994 14.124498686684873 14.124498686684873 -19997.997912440413
-20003.474659133994 14.124498686684873 14.124498686684873 -19997.997912440413
-20003.474659133994 14.124498686684873 14.124498686684873 -19997.997912440413
-20003.474659133994 14.124498686684873 14.124498686684873 -19997.997912440413
-20003.474659133994 14.124498686684873 14.124498686684873 -19997.997912440413
-20003.474659133994 14.124498686684873 14.124498686684873 -19997.997912440413
-20003.474659133994 14.124498686684873 14.124498686684873 -19997.997912440413
-20003.474659133994 14.124498686684873 14.124498686684873 -19997.997912440413
-20003.474659133994 14.124498686684873 14.124498686684873 -19997.997912440413
-20003.474659133994 14.124498686684873 14.124498686684873 -19997.997912440413
-20003.474659133994 14.124498686684873 14.124498686684873 -19997.997912440413
-20003.474659133994 14.124498686684873 14.124498686684873 -19997.997912440413
-20003.474659133994 14.124498686684873 14.124498686684873 -19997.997912440413
-20003.474659133994 14.124498686684873 14.124498686684873 -19997.997912440413
-20003.474659133994 14.124498686684873 14.124498686684873 -19997.997912440413
-20003.474659133994 14.124498686684873 14.124498686684873 -19997.997912440413
-20003.474659133994 14.124498686684873 14.124498686684873 -19997.997912440413
-20003.474659133994 14.124498686684873 14.124498686684873 -19997.997912440413
-20003.474659133994 14.124498686684873 14.124498686684873 -19997.997912440413
-20003.474659133994 14.124498686684873 14.124498686684873 -19997.997912440413
-20003.474659133994 14.124498686684873 14.124498686684873 -19997.997912440413
-20003.474659133994 14.124498686684873 14.124498686684873 -19997.997912440413
-20003.474659133994 14.124498686684873 14.124498686684873 -19997.997912440413
-20003.474659133994 14.124498686684873 14.124498686684873 -19997.997912440413
-20003.474659133994 14.124498686684873 14.124498686684873 -19997.997912440413
-20003.474659133994 14.124498686684873 14.124498686684873 -19997.997912440413
-20003.474659133994 14.124498686684873 14.124498686684873 -19997.997912440413
-20003.474659133994 14.124498686684873 14.124498686684873 -19997.997912440413
-20003.474659133994 14.124498686684873 14.124498686684873 -19997.997912440413
-20003.474659133994 14.124498686684873 14.124498686684873 -19997.997912440413
-20003.474659133994 14.124498686684873 14.124498686684873 -19997.997912440413
-20003.474659133994 14.124498686684873 14.124498686684873 -19997.997912440413
-20003.474659133994 14.124498686684873 14.124498686684873 -19997.997912440413
-20003.474659133994 14.124498686684873 14.124498686684873 -19997.997912440413
-20003.474659133994 14.124498686684873 14.124498686684873 -19997.997912440413
-20003.474659133994 14.124498686684873 14.124498686684873 -19997.997912440413
-20003.474659133994 14.124498686684873 14.124498686684873 -19997.997912440413
-20003.474659133994 14.124498686684873 14.124498686684873 -19997.997912440413
-20003.474659133994 14.124498686684873 14.124498686684873 -19997.997912440413
-20003.474659133994 14.124498686684873 14.124498686684873 -19997.997912440413
-20003.474659133994 14.124498686684873 14.124498686684873 -19997.997912440413
-20003.474659133994 14.124498686684873 14.124498686684873 -19997.997912440413
-20003.474659133994 14.124498686684873 14.124498686684873 -19997.997912440413
-20003.474659133994 14.124498686684873 14.124498686684873 -19997.997912440413
-20003.474659133994 14.124498686684873 14.124498686684873 -19997.997912440413
-20003.474659133994 14.124498686684873 14.124498686684873 -19997.997912440413
-20003.474659133994 14.124498686684873 14.124498686684873 -19997.997912440413
-20003.474659133994 14.124498686684873 14.124498686684873 -19997.997912440413
-20003.474659133994 14.124498686684873 14.124498686684873 -19997.997912440413
-20003.474659133994 14.124498686684873 14.124498686684873 -19997.997912440413
-20003.474659133994 14.124498686684873 14.124498686684873 -19997.997912440413
-20003.474659133994 14.124498686684873 14.124498686684873 -19997.997912440413
-20003.474659133994 14.124498686684873 14.124498686684873 -19997.997912440413
-20003.474659133994 14.124498686684873 14.124498686684873 -19997.997912440413
-20003.474659133994 14.124498686684873 14.124498686684873 -19997.997912440413
-20003.474659133994 14.124498686684873 14.124498686684873 -19997.997912440413
-20003.474659133994 14.124498686684873 14.124498686684873 -19997.997912440413
-20003.474659133994 14.124498686684873 14.124498686684873 -19997.997912440413
-20003.474659133994 14.124498686684873 14.124498686684873 -19997.997912440413
-20003.474659133994 14.124498686684873 14.124498686684873 -19997.997912440413
-20003.474659133994 14.124498686684873 14.124498686684873 -19997.997912440413
-20003.474659133994 14.124498686684873 14.124498686684873 -19997.997912440413
-20003.474659133994 14.124498686684873 14.124498686684873 -19997.997912440413
-20003.474659133994 14.124498686684873 14.124498686684873 -19997.997912440413
-20003.474659133994 14.124498686684873 14.124498686684873 -19997.997912440413
-20003.474659133994 14.124498686684873 14.124498686684873 -19997.997912440413
-20003.474659133994 14.124498686684873 14.124498686684873 -19997.997912440413
-20003.474659133994 14.124498686684873 14.124498686684873 -19997.997912440413
-20003.474659133994 14.124498686684873 14.124498686684873 -19997.997912440413
-20003.474659133994 14.124498686684873 14.124498686684873 -19997.997912440413
-20003.474659133994 14.124498686684873 14.124498686684873 -19997.997912440413
-20003.474659133994 14.124498686684873 14.124498686684873 -19997.997912440413
-20003.474659133994 14.124498686684873 14.124498686684873 -19997.997912440413
-20003.474659133994 14.124498686684873 14.124498686684873 -19997.997912440413
-20003.474659133994 14.124498686684873 14.124498686684873 -19997.997912440413
-20003.474659133994 14.124498686684873 14.124498686684873 -19997.997912440413
-20003.474659133994 14.124498686684873 14.124498686684873 -19997.997912440413
-20003.474659133994 14.124498686684873 14.124498686684873 -19997.997912440413
-20003.474659133994 14.124498686684873 14.124498686684873 -19997.997912440413
-20003.474659133994 14.124498686684873 14.124498686684873 -19997.997912440413
-20003.474659133994 14.124498686684873 14.124498686684873 -19997.997912440413
-20003.474659133994 14.124498686684873 14.124498686684873 -19997.997912440413
-20003.474659133994 14.124498686684873 14.124498686684873 -19997.997912440413
-20003.474659133994 14.124498686684873 14.124498686684873 -19997.997912440413
-20003.474659133994 14.124498686684873 14.124498686684873 -19997.997912440413
-20003.474659133994 14.124498686684873 14.124498686684873 -19997.997912440413
-20003.474659133994 14.124498686684873 14.124498686684873 -19997.997912440413
-20003.474659133994 14.124498686684873 14.124498686684873 -19997.997912440413
-20003.474659133994 14.124498686684873 14.124498686684873 -19997.997912440413
-20003.474659133994 14.124498686684873 14.124498686684873 -19997.997912440413
-20003.474659133994 14.124498686684873 14.124498686684873 -19997.997912440413
-20003.474659133994 14.124498686684873 14.124498686684873 -19997.997912440413
-20003.474659133994 14.124498686684873 14.124498686684873 -19997.997912440413
-20003.474659133994 14.124498686684873 14.124498686684873 -19997.997912440413
-20003.474659133994 14.124498686684873 14.124498686684873 -19997.997912440413
-20003.474659133994 14.124498686684873 14.124498686684873 -19997.997912440413
-20003.474659133994 14.124498686684873 14.124498686684873 -19997.997912440413
-20003.474659133994 14.124498686684873 14.124498686684873 -19997.997912440413
-20003.474659133994 14.124498686684873 14.124498686684873 -19997.997912440413
-20003.474659133994 14.124498686684873 14.124498686684873 -19997.997912440413
-20003.474659133994 14.124498686684873 14.124498686684873 -19997.997912440413
-20003.474659133994 14.124498686684873 14.124498686684873 -19997.997912440413
-20003.474659133994 14.124498686684873 14.124498686684873 -19997.997912440413
-20003.474659133994 14.124498686684873 14.124498686684873 -19997.997912440413
-20003.474659133994 14.124498686684873 14.124498686684873 -19997.997912440413
-20003.474659133994 14.124498686684873 14.124498686684873 -19997.997912440413
-20003.474659133994 14.124498686684873 14.124498686684873 -19997.997912440413
-20003.474659133994 14.124498686684873 14.124498686684873 -19997.997912440413
-20003.474659133994 14.124498686684873 14.124498686684873 -19997.997912440413
-20003.474659133994 14.124498686684873 14.124498686684873 -19997.997912440413
-20003.474659133994 14.124498686684873 14.124498686684873 -19997.997912440413
-20003.474659133994 14.124498686684873 14.124498686684873 -19997.997912440413
-20003.474659133994 14.124498686684873 14.124498686684873 -19997.997912440413
-20003.474659133994 14.124498686684873 14.124498686684873 -19997.997912440413
-20003.474659133994 14.124498686684873 14.124498686684873 -19997.997912440413
-20003.474659133994 14.124498686684873 14.124498686684873 -19997.997912440413
-20003.474659133994 14.124498686684873 14.124498686684873 -19997.997912440413
-20003.474659133994 14.124498686684873 14.124498686684873 -19997.997912440413
-20003.474659133994 14.124498686684873 14.124498686684873 -19997.997912440413
-20003.474659133994 14.124498686684873 14.124498686684873 -19997.997912440413
-20003.474659133994 14.124498686684873 14.124498686684873 -19997.997912440413
-20003.474659133994 14.124498686684873 14.124498686684873 -19997.997912440413
-20003.474659133994 14.124498686684873 14.124498686684873 -19997.997912440413
-20003.474659133994 14.124498686684873 14.124498686684873 -19997.997912440413
-20003.474659133994 14.124498686684873 14.124498686684873 -19997.997912440413
-20003.474659133994 14.124498686684873 14.124498686684873 -19997.997912440413
-20003.474659133994 14.124498686684873 14.124498686684873 -19997.997912440413
-20003.474659133994 14.124498686684873 14.124498686684873 -19997.997912440413
-20003.474659133994 14.124498686684873 14.124498686684873 -19997.997912440413
-20003.474659133994 14.124498686684873 14.124498686684873 -19997.997912440413
-20003.474659133994 14.124498686684873 14.124498686684873 -19997.997912440413
-20003.474659133994 14.124498686684873 14.124498686684873 -19997.997912440413
-20003.474659133994 14.124498686684873 14.124498686684873 -19997.997912440413
-20003.474659133994 14.124498686684873 14.124498686684873 -19997.997912440413
-20003.474659133994 14.124498686684873 14.124498686684873 -19997.997912440413
-20003.474659133994 14.124498686684873 14.124498686684873 -19997.997912440413
-20003.474659133994 14.124498686684873 14.124498686684873 -19997.997912440413
-20003.474659133994 14.124498686684873 14.124498686684873 -19997.997912440413
-20003.474659133994 14.124498686684873 14.124498686684873 -19997.997912440413
-20003.474659133994 14.124498686684873 14.124498686684873 -19997.997912440413
-20003.474659133994 14.124498686684873 14.124498686684873 -19997.997912440413
-20003.474659133994 14.124498686684873 14.124498686684873 -19997.997912440413
-20003.474659133994 14.124498686684873 14.124498686684873 -19997.997912440413
-20003.474659133994 14.124498686684873 14.124498686684873 -19997.997912440413
-20003.474659133994 14.124498686684873 14.124498686684873 -19997.997912440413
-20003.474659133994 14.124498686684873 14.124498686684873 -19997.997912440413
-20003.474659133994 14.124498686684873 14.124498686684873 -19997.997912440413
-20003.474659133994 14.124498686684873 14.124498686684873 -19997.997912440413
-20003.474659133994 14.124498686684873 14.124498686684873 -19997.997912440413
-20003.474659133994 14.124498686684873 14.124498686684873 -19997.997912440413
-20003.474659133994 14.124498686684873 14.124498686684873 -19997.997912440413
-20003.474659133994 14.124498686684873 14.124498686684873 -19997.997912440413
