sig 254
-25006.660186612484 1564.0957581328585 1564.0957581328585 -37847.18596191315
-22420.68077794453 777.3063670523248 777.3063670523248 -38273.59463027605
-20792.09821201726 71.28716066120838 71.28716066120838 -20272.274833502077
-20041.11075108624 270.0674269791367 270.0674269791367 -20205.368174176583
-20399.796966372476 -40.49468023958267 -40.49468023958267 -19959.311859751626
-20530.85901610816 11.894195218035001 11.894195218035001 -19963.038016607377
-29848.414680882513 401.41761202522576 401.41761202522576 -53234.792555393105
-30283.451797082256 311.17412383995884 311.17412383995884 -53214.61624058304
-37392.74102634281 400.4489624005463 400.4489624005463 -73157.35637155264
-71732.80939802532 27958.792061086933 27958.792061086933 -63584.59208911199
-44615.4957303795 12143.502678085384 12143.502678085384 -94262.76115263507
-20732.66644418713 2789.5314549761797 2789.5314549761797 -22169.2251600906
-17066.738995759482 1023.322893706717 1023.322893706717 -21177.772321059343
-26254.750211915944 1462.6280877951951 1462.6280877951951 -19682.76295994661
-26799.210899925336 9784.832291933522 9784.832291933522 -45202.300486740096
-25839.42031312399 7374.317506821353 7374.317506821353 -49405.59843076495
-29412.05950471964 10834.213679872404 10834.213679872404 -50215.45110749098
-27250.505091345884 8136.962865814253 8136.962865814253 -50717.40551645774
-25830.740888631663 8696.66361499337 8696.66361499337 -47120.400180116565
-28166.400167851032 7040.279261345615 7040.279261345615 -55992.9316925846
-22619.643906029305 2489.497451046799 2489.497451046799 -36190.25264683655
-22836.18915242771 3643.196749502111 3643.196749502111 -36167.8833762929
-23976.88464972831 3585.5055095850657 3585.5055095850657 -33772.63138148904
-23250.87902519987 4969.0496763739375 4969.0496763739375 -31299.55943615805
-22510.20775139228 3689.558408472614 3689.558408472614 -28437.67015841943
-23536.193141884516 3972.4164535442446 3972.4164535442446 -32402.36141145015
-23601.468019176078 4650.103106653551 4650.103106653551 -27150.420027411397
-21231.663186461286 3036.209774043624 3036.209774043624 -24464.478471599607
-23048.9188209191 3384.99786612736 3384.99786612736 -23780.13633994905
-20528.392796116277 2130.202705190837 2130.202705190837 -22028.573791535273
-20195.78768699994 1338.373550294085 1338.373550294085 -20845.87810792258
-22141.222086310187 2093.1811830314255 2093.1811830314255 -21807.39905577608
-21315.728549117244 1175.6467918249186 1175.6467918249186 -20809.422175458818
-20084.40873885274 688.714435134364 688.714435134364 -20385.272399633865
-20877.223049050564 530.6513368644489 530.6513368644489 -20436.034250027555
-21178.99236114335 58.990537462509934 58.990537462509934 -19952.770095267482
-20886.36579974649 185.01927169284795 185.01927169284795 -20009.214686715895
-21089.44091495136 25.48484424613291 25.48484424613291 -19890.558371035637
-21127.014011460193 9.715385107480838 9.715385107480838 -19853.55995721799
-20858.706761780893 -102.12993669556943 -102.12993669556943 -19907.632150772875
-20261.28185926459 -99.84031623414575 -99.84031623414575 -19978.21370133061
-20743.307136027735 -72.12442292154282 -72.12442292154282 -19953.31256257477
-19947.807358430236 -154.02197680914236 -154.02197680914236 -20016.907703451114
-20460.808943350665 -110.46390642845599 -110.46390642845599 -19946.405327016993
-19529.19114915141 -191.8823280878537 -191.8823280878537 -20067.438642168894
-20278.0783485333 -147.5937914527745 -147.5937914527745 -19930.248503460676
-18916.79499941488 -244.52279285543605 -244.52279285543605 -20161.84094412841
-20093.442087225572 -188.7316294668716 -188.7316294668716 -19914.763989134826
-18224.153182560887 -223.5657462309412 -223.5657462309412 -20218.191983316286
-19956.090672638005 -160.99184129107192 -160.99184129107192 -19926.99517409038
-19673.276391734456 -141.56920905030427 -141.56920905030427 -19936.14573273713
-17533.89784635163 -184.72164417716976 -184.72164417716976 -20223.04371877472
-17039.112089757204 -100.52731370498046 -100.52731370498046 -20240.56080479521
-19608.673828437222 -177.89031118676945 -177.89031118676945 -19963.526378394126
-16465.809557069657 -1.3409274936748146 -1.3409274936748146 -20335.35654749049
-19670.602750177088 -82.42012412630442 -82.42012412630442 -19937.85111749968
-19619.01800094106 127.33195085718053 127.33195085718053 -19862.127881984434
-16325.286607861082 -14.529564329874411 -14.529564329874411 -20312.977699658528
-16118.481643087804 83.90280968693774 83.90280968693774 -20213.027979403447
-20542.408692749454 437.54078568964303 437.54078568964303 -19923.985414753413
-15981.316330753367 351.3148712035818 351.3148712035818 -20758.67765385079
-20774.522420057074 326.0216459988572 326.0216459988572 -19744.979177754492
-22567.384039433207 560.9517167298322 560.9517167298322 -19509.996976115053
-31597.835688661045 8423.530527166404 8423.530527166404 -27318.80931816252
-30252.537770007126 3907.6303803996375 3907.6303803996375 -19956.455664820573
-30024.017909700004 8606.544981456347 8606.544981456347 -19676.75091667384
-34378.88408685622 4033.7883106856325 4033.7883106856325 -65943.69885481658
-32848.09252390208 1031.8757866868864 1031.8757866868864 -61170.15643530147
-30996.65940839954 853.7562328982483 853.7562328982483 -56190.29888287063
-32463.456394250672 2455.5374271755927 2455.5374271755927 -58873.23448456995
-31051.439066495484 1487.066420957758 1487.066420957758 -55331.847472662084
-30085.38196100173 634.3048189671667 634.3048189671667 -53923.95762865364
-30558.032275009653 753.9789031141503 753.9789031141503 -53875.70357203875
-29723.70459010352 323.7950060074199 323.7950060074199 -52806.918829381946
-30110.8521353865 96.4132962965959 96.4132962965959 -53123.93081340135
-29035.9594960457 -172.67179430612583 -172.67179430612583 -53261.4546354457
-28100.957464445695 486.50970598499407 486.50970598499407 -52700.62097175033
-25942.8561146181 822.2654767438476 822.2654767438476 -51766.62633406812
-27250.19772964395 -204.0146347605757 -204.0146347605757 -53254.009166153875
-25172.408073463732 341.6545423973949 341.6545423973949 -51854.43369032012
-23921.41945940495 1234.0516064121277 1234.0516064121277 -49701.39710675357
-23302.772703186467 819.95280571017 819.95280571017 -48597.92819427462
-22509.010264903187 1293.7462747958207 1293.7462747958207 -46804.48890248307
-21868.520569085133 1118.892902232908 1118.892902232908 -44949.36431814104
-21515.052739684917 1071.9103977626798 1071.9103977626798 -43899.60229211039
-21197.22039080752 948.5185628039526 948.5185628039526 -41127.28823475694
-21083.28832303298 1250.0531692261434 1250.0531692261434 -41824.43187087298
-21858.56507913978 1229.9953462951705 1229.9953462951705 -39695.82150714877
-20739.10812607127 740.0124939973844 740.0124939973844 -20679.174505419895
-24476.6820789624 3366.110074166594 3366.110074166594 -22209.038885943206
-20638.655363865426 1483.3460081907115 1483.3460081907115 -20638.472657502316
-21532.758205852566 3168.5093538724577 3168.5093538724577 -41446.374394003455
-22056.158020141156 3534.722172312191 3534.722172312191 -43970.49692555293
-21732.921084004385 2927.379075540598 2927.379075540598 -41827.16191493198
-19730.04435357059 -49.639525143376616 -49.639525143376616 -20461.827847500346
-19656.252361750976 -148.44740728359272 -148.44740728359272 -20314.179848190608
-21886.766192690786 136.03680210725884 136.03680210725884 -19919.021563300004
-20023.39924217524 -287.54110679086875 -287.54110679086875 -20221.321300148215
-20120.259077415456 -256.25153357126266 -256.25153357126266 -20044.600510395507
-21235.723036990003 -440.2456920943927 -440.2456920943927 -19882.597178756216
-20466.314171370494 -165.08465213596725 -165.08465213596725 -19925.342835349784
-21160.32403879777 -216.87010291325785 -216.87010291325785 -19843.67879811106
-20315.68324130393 -265.7471071824418 -265.7471071824418 -20005.04942156972
-27224.80294405529 6164.621595170629 6164.621595170629 -24441.42926236125
-26687.671451139497 3800.0944152972534 3800.0944152972534 -20544.62098239987
-22988.51922503541 3191.9833550143085 3191.9833550143085 -22720.40758307932
-22899.030324605745 3118.598097544289 3118.598097544289 -24854.612848150577
-24653.11866575008 5058.365717563407 5058.365717563407 -28505.478427962054
-22840.08106986282 3989.4956003340167 3989.4956003340167 -30312.161237816315
-30878.928471033636 -78.52395728457608 -78.52395728457608 -54997.30098347065
-29888.680221784045 1143.9108341184244 1143.9108341184244 -55556.33005523626
-32175.420549353585 -138.50590795082348 -138.50590795082348 -58540.56632947217
-25048.464419404678 1820.8619711916685 1820.8619711916685 -50852.21359547418
-24499.032760989678 2607.567210029807 2607.567210029807 -50774.81292547035
-23096.80307992252 3522.563520039852 3522.563520039852 -46938.37540438651
-23808.304259075638 3060.878006273326 3060.878006273326 -48538.97661605675
-22471.39972082198 1956.9335129900348 1956.9335129900348 -21963.1646011645
-23200.701153517577 1992.5724675189938 1992.5724675189938 -21844.619612261817
-21841.461716526606 1110.231850730929 1110.231850730929 -20595.851088602183
-48016.29171836661 19602.968551758655 19602.968551758655 -48688.865092258326
-28600.328119524984 10204.62723662626 10204.62723662626 -25276.967024742302
-33811.41135383582 10770.169757543787 10770.169757543787 -30085.302400221935
-29452.378813575317 375.1114015044227 375.1114015044227 -53395.0482024566
-27032.190348947282 950.2106246394884 950.2106246394884 -52794.35761842986
-28295.15486313058 -101.29307278215325 -101.29307278215325 -54828.700462408364
-27515.622157575122 9687.051369321201 9687.051369321201 -52410.365772772115
-33228.16722221144 6315.841056798021 6315.841056798021 -71553.00862240682
-33272.90559465446 186.0083643964827 186.0083643964827 -64240.85980295512
-21178.277263977827 553.2749766540135 553.2749766540135 -20030.494193463157
-21427.180415899515 468.04341194444225 468.04341194444225 -20141.26236428501
-20888.76718561363 255.8053107229374 255.8053107229374 -19978.49880034807
-21106.57840765365 -140.8820605700036 -140.8820605700036 -19869.34328486697
-20730.918166329968 -102.90414766069763 -102.90414766069763 -19899.81611545363
-21069.464383920636 -51.59172736885293 -51.59172736885293 -19873.17282151364
-21356.755263146948 77.13483492354726 77.13483492354726 -19907.232268647476
-29691.447673007522 309.0056598457646 309.0056598457646 -54037.956591465336
-30546.534161564046 232.90665829024633 232.90665829024633 -53333.77026573532
-27929.00300615062 1215.4331348029332 1215.4331348029332 -53968.65770525595
-29967.423449973252 -56.2633069803117 -56.2633069803117 -58267.599053042824
-27765.28095097468 983.2974883473528 983.2974883473528 -57134.16095287147
-26453.397087475874 588.43932312267 588.43932312267 -54074.970043743866
-25265.040454695925 2663.4703381212366 2663.4703381212366 -51430.35969772597
-29383.517821550053 1719.6277631341263 1719.6277631341263 -61557.357671033235
-28893.97959448639 1804.4909998793003 1804.4909998793003 -56675.766003106735
-25704.584338865636 3877.8257766437946 3877.8257766437946 -52440.24192379128
-27144.937246035057 4807.285435845974 4807.285435845974 -55465.0461883375
-25777.958845529847 2899.847577033758 2899.847577033758 -53150.338786872926
-24638.461392379293 5670.3373621575265 5670.3373621575265 -48425.82888821914
-24046.77886044311 4157.044701960938 4157.044701960938 -48468.633927134906
-25801.6653992286 6376.081199413498 6376.081199413498 -49930.98106953978
-24892.046915802704 4654.457635332595 4654.457635332595 -49675.86800999987
-23701.213382684644 6717.739998056119 6717.739998056119 -43945.13698744761
-24107.35674500886 3373.6748693116606 3373.6748693116606 -24247.63367890579
-23479.630736899275 2065.9934136877678 2065.9934136877678 -22404.226109702227
-23722.225851978565 3899.1734935649474 3899.1734935649474 -25428.54367379384
-25007.092614973582 4059.68032883466 4059.68032883466 -25169.879999281588
-25467.9061875229 5907.628431921297 5907.628431921297 -30051.19539586566
-23547.683448732518 5501.890710210238 5501.890710210238 -34316.666806992616
-23049.341632384156 5399.85389823151 5399.85389823151 -32810.87295103573
-23579.41624586609 5584.713505645488 5584.713505645488 -29497.658465072673
-24124.95718652493 4580.576579311513 4580.576579311513 -25841.420145345626
-26071.603347340373 4751.925775703733 4751.925775703733 -24645.554866993592
-24228.14611656485 2559.317938988018 2559.317938988018 -23074.549398949977
-24381.566045307347 2367.1944475164364 2367.1944475164364 -21926.853535923823
-26555.831475288684 7351.0617035798605 7351.0617035798605 -30787.14242715676
-24118.891891634277 6868.681332892436 6868.681332892436 -30527.261060799046
-25332.16861104872 7208.926926851042 7208.926926851042 -34964.17682068839
-24044.005762733515 2044.8435452074355 2044.8435452074355 -21775.207104717378
-23109.815645203485 667.7799116357655 667.7799116357655 -20666.954668132836
-24080.515604931727 2258.021810222429 2258.021810222429 -22414.88362766309
-24904.64283797177 5857.60435479475 5857.60435479475 -25469.745615975524
-26567.75898969166 5610.981205586515 5610.981205586515 -26018.134812769447
-24211.850172655508 2933.103948934574 2933.103948934574 -22143.52676925412
-24638.531854586938 8233.391172650252 8233.391172650252 -31336.930712100977
-26346.27915633721 8850.278507060992 8850.278507060992 -36688.9976051782
-28197.835102138186 8913.125470561765 8913.125470561765 -32237.155327063778
-23642.38724492234 7004.533290341952 7004.533290341952 -38295.482646310775
-22853.472590643665 5879.057078416855 5879.057078416855 -35038.567846494676
-23773.778430886396 7111.276003310744 7111.276003310744 -38789.051315392506
-25563.77674572858 7751.834923562546 7751.834923562546 -45389.727293922115
-28060.44053275904 10370.131178733798 10370.131178733798 -40125.35487354882
-23816.616170376936 7433.5922365144925 7433.5922365144925 -41043.986214736266
-24266.51552565992 8594.637346595506 8594.637346595506 -38076.56850705367
-22907.966826294112 5676.752073245595 5676.752073245595 -43023.093544166666
-23676.66514978856 5507.278905683613 5507.278905683613 -45354.496900554725
-22339.920339441698 5038.407201419446 5038.407201419446 -40423.012591230945
-30082.55128609484 9961.286741234184 9961.286741234184 -32061.971622600322
-25680.662885761845 6886.549380835257 6886.549380835257 -24719.746864270128
-24838.772116298573 9036.515698999423 9036.515698999423 -30191.990364521454
-22370.792774739406 5127.33264125061 5127.33264125061 -40548.17162186567
-23074.83493617098 6153.795324021143 6153.795324021143 -35972.387171774375
-21918.123756659286 4561.710138558565 4561.710138558565 -37239.93568005972
-22478.267578698276 4063.103051801197 4063.103051801197 -35467.01508115522
-22194.86663630902 4168.682949383103 4168.682949383103 -34572.374603589764
-24862.550665676725 3326.85499273227 3326.85499273227 -21798.26199098592
-26949.840761060106 6411.830742326501 6411.830742326501 -26473.28562279386
-22824.458789948556 865.4620727941526 865.4620727941526 -20429.7158792436
-24533.869690709493 2781.1155539819374 2781.1155539819374 -22266.814970422067
-24472.948692010013 3330.511010041064 3330.511010041064 -22773.69336102872
-23578.427215296848 1036.4256017448488 1036.4256017448488 -20487.903992966538
-24684.40712239599 2711.2344318788873 2711.2344318788873 -22124.920953796463
-26514.233700793793 7590.19166662225 7590.19166662225 -24375.047304169468
-25735.45460287729 3505.169924825053 3505.169924825053 -20949.86921465822
-29109.682766305334 7167.240408817406 7167.240408817406 -24839.398628267354
-25507.65528712441 3990.0680593332054 3990.0680593332054 -22857.385835686455
-30938.645138448705 12306.839866918159 12306.839866918159 -41108.93383909292
-26640.462892463467 10286.728566486683 10286.728566486683 -29990.409219783123
-33094.080944695954 11441.50973455191 11441.50973455191 -33099.627644819964
-27325.927939322966 9302.619950519482 9302.619950519482 -46396.638399628224
-25611.8605076351 9329.52968976969 9329.52968976969 -41361.754625879556
-22640.45303250384 792.6531203448591 792.6531203448591 -20840.62347519834
-22748.286233189872 771.4841832608579 771.4841832608579 -20610.840085039785
-22087.519555510375 287.7639708275124 287.7639708275124 -19923.00367975308
-22055.32116622179 1036.3935189474705 1036.3935189474705 -20666.154076298022
-21814.29432822699 215.58486427441105 215.58486427441105 -20110.810536814755
-22725.113712574966 845.7329437137132 845.7329437137132 -20460.66945007506
-22182.08471389919 -162.1449489352965 -162.1449489352965 -20062.223074876
-22611.805765478486 878.8960309739762 878.8960309739762 -20713.873268680425
-22585.92799102186 856.5072768422147 856.5072768422147 -20604.125822588583
-21433.476184824653 170.56011816391305 170.56011816391305 -20044.10986983162
-21145.625102744772 -280.87343815778945 -280.87343815778945 -20082.860845014013
-21978.62949993053 25.196053778193477 25.196053778193477 -19961.719688331163
-21661.651656723403 -295.0609876096763 -295.0609876096763 -20037.111725223014
-22934.34165499838 1284.0319650286897 1284.0319650286897 -20953.65386190748
-23216.79449106623 782.3091278269768 782.3091278269768 -20265.019127331434
-21402.25173104705 411.99786660270115 411.99786660270115 -20695.42335098737
-21357.113545485623 102.83157047664963 102.83157047664963 -19835.032878546353
-21510.372765967513 240.72173993161323 240.72173993161323 -20068.749688028856
-22541.81853611875 3237.519117972881 3237.519117972881 -45125.74546092288
-22020.73854566897 2395.6900102552318 2395.6900102552318 -39582.06923908287
-21237.04467033984 2898.4609318189523 2898.4609318189523 -38532.26887309105
-23389.70891705534 1324.554275250971 1324.554275250971 -20037.936736171567
-21260.40857786138 26.295174228391662 26.295174228391662 -19939.617286384004
-19735.413755919002 -288.3458987659875 -288.3458987659875 -20151.485254759085
-22540.121816237108 1117.179005866063 1117.179005866063 -20305.820684853887
-19654.06183230546 221.44214821271783 221.44214821271783 -20920.393110991125
-21541.67528719513 -25.91309779764061 -25.91309779764061 -19803.320688452786
-21144.506259009817 -164.70043823163883 -164.70043823163883 -19890.17540239548
-21089.348692960335 -224.0093251407139 -224.0093251407139 -19862.45658377648
-24653.53616154773 8006.741917843167 8006.741917843167 -43778.24872633618
-21286.548517475527 -231.44258365200272 -231.44258365200272 -19848.153717082296
-34010.43174094187 12913.259128888985 12913.259128888985 -59309.85068016003
-36855.84845347572 15131.872899605833 15131.872899605833 -45276.72061072593
-28186.732316828326 11197.808061220949 11197.808061220949 -42736.33589716438
-29389.12589390687 11512.306318515297 11512.306318515297 -48739.13414638368
-22019.71552800781 975.3684995461101 975.3684995461101 -20961.28348508167
-28359.0375585653 7074.592948341742 7074.592948341742 -22216.926401876306
-22200.333807881976 4425.75415542842 4425.75415542842 -38132.87186299771
-26586.486857198026 6982.54336585893 6982.54336585893 -53518.36814554757
-30325.13871625956 9449.072565800823 9449.072565800823 -59222.69022999204
-27660.109185161004 6627.612740662026 6627.612740662026 -56091.087889033464
-30470.5980390808 1374.6776088541737 1374.6776088541737 -60808.18679514508
-25719.528071835823 2815.4995977776034 2815.4995977776034 -20595.54293018504
-23336.996037599285 5255.71548400197 5255.71548400197 -45771.36311141742
D 254
38996861.14786922 -676840.1651302798 5705799.629072055 17154916.80723572 -196395.5213682043 41184476.9308222
37597184.89802458 -499051.5371399441 5622461.079677319 16848288.65658694 -112795.5678184425 40964513.46139132
39230314.32812554 -564278.2608881067 5670262.184020184 17027307.172070645 -143930.76096325045 40285521.15088898
39216579.215246566 -573326.1976745037 5665759.356719664 17018271.486924563 -152452.0531752661 40271998.974504605
39214040.740764774 -568508.2635234448 5664141.456604941 17001131.237701394 -138245.8630423438 40153594.5237079
39213860.2042942 -568448.2869051517 5664140.705490336 17001128.70678577 -138182.5592894578 40153762.28887602
38088428.01520511 -545769.0486953552 5676709.575801306 16998784.793198653 -156466.9062371621 41134754.4823715
38563363.302582964 -553976.2664484965 5705944.276647549 17100562.010421712 -156748.22406434044 41181689.92449164
38072167.772509284 -564680.672278997 5667960.735929046 16984093.85241557 -159388.50288029958 41120975.59965384
37686363.040833525 -2126919.0481496574 5139957.187391134 15661593.172110597 -1923760.5555844686 36206810.159124725
34612256.721920505 -1136797.480183001 5433275.722979763 16114875.324107196 -640828.6653164235 39973988.52499795
38812474.77692222 -902036.465722792 5578734.167782432 16802387.587956037 -416432.53186817176 39819283.97781608
36370975.9596602 -644618.673805027 5429978.613440571 16274350.790552584 -221057.7360889161 39524044.11436231
39112836.543893225 -747044.422114877 5605058.686851849 16733212.25823981 -372444.0266630176 38702274.56986248
35303699.03556646 -1563801.0284499298 5367926.499539732 16094585.766894702 -903941.4711603278 39773721.86231645
33914987.99216428 -1320068.0218847413 5331484.976119987 15882599.831384365 -716864.4004131713 39830960.75483002
35398755.17681441 -1580983.6824546147 5397586.445600941 16158529.48095472 -923951.8701140516 39893615.98226449
34513870.71549815 -1414361.9151932166 5349731.123077715 15968322.757783761 -806324.6780632855 39735399.96958294
33856738.39586856 -1562551.4645161743 5300790.810853337 15801726.714672312 -921852.5427431983 39549167.0052642
34322970.851207756 -1063410.0218773864 5387836.090736347 16033687.232327677 -498858.83638969983 40068165.985340446
37748036.34397228 -798830.3372121798 5564112.024587782 16747901.552676657 -309107.92975716863 40594055.7400864
37788929.59886106 -936110.2538554085 5589486.439746417 16793133.732013807 -386011.9963840558 40661275.756490916
38810682.38163604 -721014.6771809183 5656334.65170762 17011397.824043937 -270415.7241764818 40717153.58050604
38210373.8689208 -870208.9102744901 5602971.965904301 16859593.544922274 -364710.4064744372 40636654.65840889
38922575.23027794 -895471.9619205854 5601823.758173344 16909475.648937415 -441586.0304792866 40334992.22208185
38723919.9470899 -753444.0623046843 5639242.146846938 16975078.857400388 -296947.86109307397 40684289.317321755
38942956.056537926 -892461.4418610273 5607594.454143298 16920878.993428987 -435461.2201589651 40348131.05566123
38822712.60852513 -901655.5757713147 5584833.314777074 16863850.522707187 -418209.9440772517 40239758.162950926
39177329.28141789 -772910.1291030246 5630809.201963145 16978430.85183412 -330744.68561191607 40342025.23849508
39089367.597540334 -796855.5672503728 5623358.826658354 16925078.952689886 -346798.4001246986 40077675.47921757
39217192.57531699 -763450.1904211557 5630875.971962591 16948898.93801897 -340128.7715979422 40065238.92030139
39378674.469779596 -652272.1270622951 5686251.568029484 17069833.4343518 -208505.3802496324 40317477.06533129
39340352.7452162 -692371.2354683465 5664029.887000654 17018740.09732866 -272800.1381585047 40169268.77696886
39034053.91754984 -694272.8501333656 5605121.637961865 16886731.454090632 -292056.48215703387 40008581.09810053
39325599.75408439 -600074.1830913981 5671574.991894461 17040166.42239953 -163746.49454539284 40279981.51985027
39337073.5596355 -589467.52927454 5674039.5241664685 17007859.71591548 -150810.97205859266 39985408.85926433
39215176.70238949 -573444.1771799027 5665737.161379328 17018238.121399343 -152572.53165570734 40273356.5720792
39337102.123210445 -589508.9572494583 5674037.471713442 17007853.786823843 -150852.50155100678 39985353.39398033
39336998.60760161 -589530.0250001115 5674036.251420579 17007851.633717556 -150874.419645111 39985451.881305516
39227593.37598355 -562605.3267221409 5668208.171081918 16985936.066954087 -139392.84248630307 39977813.36031573
39214261.4085094 -568577.133897549 5664142.8673893595 17001135.710487228 -138319.18789485 40153395.54506154
39228272.1527808 -559240.1723955537 5668666.514670401 17010203.301830556 -129504.80883931529 40166689.05273429
39158005.51200589 -530459.1525088315 5642727.800338982 16971820.90371296 -103560.6387466362 40189283.65894952
39213929.46185677 -568597.9461986903 5664135.9024733575 17001122.15753517 -138337.3274566942 40153688.65032422
38935025.7080616 -475288.3279347977 5630806.183813689 16927137.05751469 -79821.01751586584 40174008.755683504
39214169.39684885 -568636.5438120062 5664138.315463072 17001127.175335295 -138378.7332714023 40153464.75918464
38280052.84331296 -309830.4861013356 5547126.357685058 16714085.620075965 55479.044886175994 39961368.46413534
39155986.882794626 -525291.1608737017 5641133.820414445 16954722.39960062 -88998.71312633334 40070454.02022312
37669835.08963066 -365341.46913623344 5546784.52327064 16637658.909491207 28520.012550494183 39963590.87260136
39156203.78030905 -525251.0614704562 5641139.292559374 16954732.339844607 -88959.58096517663 40070261.953658536
39055127.80252664 -501992.0722616661 5636500.307715316 16935559.0102971 -79266.03461390724 40064341.12895066
37185713.82524076 -420053.9739300357 5507735.296777515 16504144.287192993 -30414.81910608706 39770087.431460544
36332440.18480791 -384313.16836192715 5386687.313425417 16213764.603288218 -39710.69932106796 39510803.43428236
39056924.696583495 -507250.7528883255 5638085.782838599 16952641.206918757 -93918.0757585637 40183347.018861294
35976143.80358385 -402276.79710392456 5372969.298379501 16149384.18801775 -52573.90539466925 39489236.64483675
39056808.82571744 -507133.73358237284 5638088.17625029 16952643.024784453 -93795.03024671179 40183453.56058149
38999818.2939095 -622478.5158644682 5626397.100595755 16919718.265077367 -227970.38130291982 40093956.730606295
35876590.72234477 -410923.0593836139 5372306.069631551 16135979.4778677 -55565.41126213064 39488184.33553894
35855125.190443456 -398066.06936207553 5366476.161537313 16124161.407661185 -44499.06813051318 39473404.38818804
39177226.84864675 -614876.790297341 5643114.287145051 16943027.32942185 -224689.74186375368 39935848.48726837
35837098.05268394 -473536.15239609143 5363826.403295442 16103718.963585643 -89535.61003368467 39354389.54241516
39175037.0048092 -609784.9960272948 5641521.281518035 16925941.755838554 -210226.36868601752 39817284.10570401
39386664.17670087 -643398.1585258062 5688667.820907194 17037412.729876835 -197385.73407759645 40025959.35923002
38913290.58790923 -1075494.5777458344 5517949.080933937 16671517.385093652 -706223.1232141233 39279357.37285971
38953343.90455175 -895356.8864674113 5545563.626784099 16447257.40768959 -576823.7134872756 37169078.96308142
36482062.72632137 -2018522.11755061 4890621.688151378 14833765.665516652 -1980045.0031312073 33281845.33347936
37680030.14040675 -711230.3679982551 5662891.489986534 16931122.6540039 -261885.1831935154 41140036.10368725
38085920.941122316 -569139.7651348842 5666608.397039245 16982371.458141156 -165651.71004837402 41106966.665358804
37910887.70225039 -571363.4822369791 5662312.8925963985 16954960.655967493 -163114.4271264622 41105668.531795874
38633143.08260104 -650266.0682901596 5706195.428668952 17109244.932712995 -199284.29071514268 41178862.00685429
38452625.58989896 -676767.9523817978 5711718.550489685 17095083.38477618 -212901.15642767923 41190855.89796988
38089551.45929416 -545289.5469411578 5676738.283120359 16998858.265976466 -155977.740630752 41133931.74799483
38577919.15087848 -623371.9699763858 5716198.491515909 17117453.558385447 -188985.9084322662 41199724.31061242
38087663.03268382 -545914.2308638968 5676692.542246788 16998741.41287812 -156631.02979513875 41135342.757983714
38272595.84039137 -540763.7036283809 5692932.413279288 17045658.209567957 -146368.03920214484 41163345.61331183
37878255.797694 -482830.00035458355 5657131.47483203 16943129.390810363 -120093.09562647318 41095464.489170365
37623072.38311361 -482143.2921492485 5652447.661233534 16904453.205196 -119374.34174073624 41088076.55294357
36917524.60989305 -519264.89001806057 5568609.35934198 16671448.658212822 -156465.70524412754 40767970.96916197
37216539.7353044 -426982.5682790919 5544236.408429503 16670910.673349883 -95301.96150194871 40708381.47592997
35614096.31980049 -384860.4987096018 5490571.190681874 16387854.41205281 -44181.00992660385 40583026.98038824
35067969.07081968 -465736.0494816436 5488440.331245651 16315644.840995893 -108908.28286039634 40572786.25299997
35066656.88901137 -359311.0095437425 5431375.46204897 16223463.71677877 -24822.736008978154 40407298.12533385
34259926.18820128 -392615.85119345924 5413865.5204616245 16071339.709229697 -67216.24968325999 40172136.180646524
34777896.98033242 -400404.1901312417 5420740.486554106 16143326.94659797 -59537.41754328611 40161313.631346464
35180199.12896662 -459985.5383476463 5463301.127664133 16272992.738792533 -102093.0830594837 40370731.40029933
35880512.20949297 -463476.38497836795 5499203.387246662 16420148.405362852 -96709.26378590848 40488641.077837184
35671654.856762014 -581897.7925836866 5481730.532063762 16359714.829732643 -193156.26796261233 40388758.362155326
36701497.14222555 -492106.1376421433 5578002.808575094 16659829.23498069 -105812.9999298059 40797108.555217095
39398863.1014539 -642868.8121566869 5691513.6449934915 17080439.253495317 -200907.34367982467 40329514.16026197
39172741.11410991 -735172.4738095463 5628842.336031089 16916867.978122834 -319917.00742133486 39873779.042395085
39216300.3839472 -763169.9649465854 5630873.99079678 16948903.40844523 -339851.7091785604 40066186.73257933
35638633.11666408 -738613.3027315682 5518324.179447752 16413549.730878485 -294656.0327793401 40486522.83005325
34838939.330895334 -702629.7048681539 5407953.134656067 16136839.627703857 -229853.4453174272 40176246.23339592
35738872.050434455 -732763.1658940667 5512966.4046676885 16415242.6819815 -295954.4682593141 40453405.25920919
39115843.18876185 -550495.783038456 5661113.808146296 16999098.599790946 -143209.53822364172 40265807.35539505
39115749.00233368 -550612.7472482343 5661105.611597874 16999082.200081024 -143326.7310681789 40265852.31594748
39408734.739993304 -632418.0099207311 5693983.328756318 17048169.41244196 -188157.56144638517 40036787.195383966
39172814.95111792 -521318.6775811507 5647246.31449753 16980880.69106185 -94951.81787549626 40201767.21777182
39170774.043184206 -516064.5830053798 5645654.248604184 16963782.721077446 -80298.66860910338 40082945.08305086
39227062.770345114 -563060.802715557 5668209.953675284 16985954.977815725 -139865.84657638572 39978477.37242512
39228548.46723985 -559351.639877001 5668652.204482087 17010170.9087697 -129611.69278136088 40166296.59285564
39227114.68369462 -562762.5356501768 5668212.544978102 16985955.146153778 -139561.73901806216 39978400.9456654
39170438.56946706 -516083.8165891629 5645647.215058253 16963768.759003323 -80314.39230624869 40083239.14573993
39043160.78132573 -911126.78521339 5593213.341758128 16834072.291345656 -487065.5252965283 39697283.84981451
39205448.24723914 -784181.0495563945 5611278.225379956 16770925.265084337 -446271.7706582493 38849171.436779276
39119337.82408546 -727237.2329505736 5628947.691476951 16934307.330502372 -313243.6289036776 40065643.64040592
39217335.17860765 -735024.3201529303 5653025.312324941 17029456.273745008 -268659.9826564135 40488061.58372962
38944030.08067276 -890683.0502707127 5607741.457837343 16931836.772665482 -431491.6298357585 40433249.26373122
38701540.42347875 -859587.8197125025 5616423.266086378 16930753.50264289 -369616.46701727726 40580254.79045971
38275400.160311654 -541133.6717633446 5693004.4044347275 17045854.984318532 -146707.56449436044 41161395.580211796
37732027.2199134 -537633.8832099953 5656803.020530509 16924552.36727022 -149394.98130501746 41096361.425943956
38159531.40214655 -504971.60203897237 5663007.235466381 16986180.61093061 -129320.45531205117 41099841.03820395
35715676.98595665 -523507.59830334206 5517340.494030015 16441040.99204269 -140067.16768631688 40639245.91706893
34809938.789212614 -550163.8093391275 5467791.023512712 16224363.280744947 -165499.69671527832 40307057.119427
34235749.69502455 -658173.9152578237 5398370.2499779835 16042528.343277652 -248627.88133362107 40120774.43759546
34667803.59545997 -569434.7685286434 5437837.327082159 16160501.042701026 -205599.83216463143 40237831.36275769
39378454.75094676 -652566.897178517 5686261.0300999945 17069861.87945398 -208803.2570712094 40317829.683041655
39377182.92488636 -652405.281333458 5686261.86164001 17069898.405745067 -208668.6028110866 40319385.48529881
39377152.699593045 -653916.830125535 5686210.293761775 17069719.88623858 -210178.92035534984 40318503.27537001
37382803.41495243 -1854693.6103628306 5220772.928076401 15873177.429310156 -1487245.3869471098 37394886.43713443
36125184.41855708 -1999528.5775106568 5021084.029281438 15256822.787502022 -1738413.2830563309 35718557.32278209
37885879.91218913 -1319162.909852786 5401421.27105006 16289250.409228884 -929401.9183388075 38413910.365776904
38023415.896570526 -511410.5780476556 5662386.116181419 16968763.556213267 -130840.6212182659 41102831.300392434
37212945.99795336 -493947.03650623665 5572812.825338685 16714551.603971278 -146906.8040718929 40775338.49015729
37361276.697996564 -363351.8342915649 5567808.156264347 16723977.776416153 -53623.039282725804 40752463.85987441
33278664.534938816 -1528075.4289469598 5243003.877885237 15616467.142662646 -962636.2502841861 39223033.62738324
34672629.8552943 -833413.538257561 5431277.330978816 16149366.940306874 -361642.82830880466 40209532.26020025
38059048.49411696 -567409.5554644627 5666543.882857887 16978032.721483838 -165834.546102689 41099774.36026016
39359135.40919678 -684825.9802487068 5668865.999102723 17005205.47225451 -273585.81178742787 39993848.25256063
39397217.27738406 -643173.8129442229 5691503.1527733905 17080440.48218602 -201234.58027050816 40331274.97169311
39215133.99404871 -573352.5206523227 5665737.952070202 17018238.121976756 -152478.5067574652 40273391.36359398
39227225.25794133 -562661.3080914782 5668214.488275081 16985957.38102946 -139458.1205177133 39978288.834393956
39227754.69423846 -562602.7453926379 5668209.076979842 16985936.434637856 -139389.82508257148 39977645.945053264
39227282.55917475 -562542.3917249473 5668216.027679725 16985958.60956918 -139336.78488104805 39978225.978780486
39336751.040953815 -589438.2111812793 5674045.421401485 17007879.714263976 -150789.78335360644 39985832.40227108
38024515.08416769 -511556.19823796675 5662422.021289434 16968842.75092303 -130978.7937552069 41102006.61973314
38638867.14960162 -564745.8011747185 5707256.752818155 17111888.401985127 -160794.32502450558 41183672.448752575
37251276.291086495 -454753.5821449146 5595161.170804916 16765803.21571081 -83679.34186873218 40923537.6381364
37511769.91972769 -454754.2994075435 5589270.101167385 16775584.254839428 -114410.02585381735 40800203.02010836
36624718.29724377 -594289.6441644968 5577849.7116059605 16653980.726989318 -217325.6174028578 40828630.30784487
36514496.15065554 -411917.54760778445 5529667.071222617 16556936.037549298 -69265.59769582287 40644321.35353958
35453568.07314342 -625743.7237093857 5499191.282328184 16358663.658386894 -195374.424926981 40423828.27348802
36110794.811229974 -597573.5319115364 5552319.836464089 16549593.122863477 -197537.14873896886 40762751.717781395
37296832.15280981 -534659.7725399252 5574937.143881432 16725235.792000648 -153348.3648417119 40755682.657535754
35233796.97253254 -636065.1952926499 5488645.190152862 16312639.175373647 -244575.5041067848 40380864.42040589
34744810.76135737 -830174.8390582115 5422920.432699016 16140715.654123258 -374546.63281094684 40151710.03770771
35143440.213450976 -597181.432532969 5490808.445576447 16303232.690159293 -174835.62297709097 40374336.75019701
34019832.86456232 -1030598.3927080284 5326709.987605508 15907044.909719193 -509476.77825858793 39969426.41203548
34314182.081792 -751959.5367679837 5336755.436454036 15946758.967385717 -277195.50077239866 39892335.17764793
34063983.25003328 -1227193.2177677953 5373453.168130943 15991699.577093484 -656907.6464503539 40135081.55646076
34653225.70913803 -852838.2977708546 5412807.142950826 16121939.341634568 -421166.2224211999 40194217.475515686
34321185.59637936 -1285867.3480017828 5319245.880101734 15912702.929387419 -710186.7759868919 39787978.87533747
39268393.40485378 -718678.9627826918 5657343.0868902365 17034277.344860908 -270988.5472957201 40432394.15693339
39377730.235004835 -652317.6950207399 5686280.996814508 17069953.643826973 -208573.68998121767 40319088.700133584
39082864.89120249 -803093.4983982509 5635017.64444316 16980837.629689485 -361793.7707175664 40413659.38924503
39301529.826055616 -768659.4234194413 5645761.5748598715 17023874.152135395 -344231.26492082584 40431847.34533377
38900546.37672805 -902988.2731363854 5615438.319271074 16937311.3829429 -438870.7903153497 40443561.22829862
37932520.16008527 -950014.7290333372 5570887.311349738 16734694.528921477 -441270.9201521373 40236162.80512253
37375842.3884486 -1133057.3955174822 5512721.806985817 16589257.158212751 -546268.7649138207 40210996.64329412
38318954.56158209 -1029047.4997416567 5554413.314462402 16783914.439317964 -525561.7047902669 40408227.54465991
38936699.71622059 -887886.8685355207 5605250.929047349 16911617.600451145 -424443.8692982473 40303731.48931735
39297871.16430585 -769535.5679326163 5645018.120572175 17017108.616921064 -349084.74467417394 40388816.27032917
39270154.7049743 -629916.8330320452 5682534.24934821 17062865.583123613 -210940.80182397348 40407427.19724172
39263195.469224826 -621641.0173707473 5678122.882416078 17024225.458576936 -187990.07061722767 40149379.19588422
38320186.259225495 -1055214.0810902026 5563742.17639975 16753222.88817704 -554821.1134977104 40068174.765319966
37796520.47769932 -1277863.1168155242 5489637.032208413 16568691.184103675 -731416.8472919218 39856638.36431959
37495500.255560316 -1211490.814703847 5505390.4111474715 16587937.231919669 -616018.1729780067 40154093.27752575
39265141.67785671 -627414.593976784 5679695.978693899 17041269.93845282 -203150.42356478062 40268057.88304171
39410156.18039194 -633473.142165881 5696067.633762439 17089663.63853087 -192096.6560208019 40346476.511139885
39267006.23928735 -624860.6028039433 5680466.369732685 17048105.71650919 -196583.29285399304 40313175.58071608
38672451.79114927 -983403.85091327 5556800.286247136 16760173.48419788 -504227.6822996606 39840932.94613071
39070838.336673744 -808264.5592903104 5625531.781763527 16967810.69360689 -381849.93908333714 40416329.09079423
39193611.99132463 -669156.9394070999 5660296.429493375 16998784.889882475 -239239.80095965476 40193702.55171752
37230580.03059107 -1453052.2428383215 5390739.685256826 16339470.2661934 -896653.1766512835 39577784.93071304
37168706.717051655 -1373781.1254006342 5461232.987824768 16447706.22004824 -764747.7157293317 39800612.89313048
37916820.96388613 -1287761.8665272223 5462309.662267841 16544828.182772096 -771668.3494135258 39818707.57371288
36831041.84854179 -1263986.5334738907 5483803.16385109 16499907.920268886 -592014.5131052635 40330189.69737626
36764153.92711675 -1255612.1531841164 5479659.196046835 16447774.048602423 -619570.8204337537 40021446.33675753
36908929.69688874 -1252699.8574639938 5485220.0264405925 16511460.424453067 -587605.3419001435 40330553.254517324
35809998.07353522 -1396181.8642972466 5378398.391723407 16193004.171068992 -750231.3750599473 39950051.22140062
37117874.63881279 -1340543.5412874343 5448439.24406881 16440075.23216109 -749550.0556767121 39918334.47450612
35776410.46812574 -1405521.1952077122 5360598.273740145 16161599.583139023 -774446.0039560548 39910403.276347466
36065208.08197137 -1533140.4019597985 5346922.796256999 16113108.772631884 -903308.1691572089 39370433.88181072
34684151.428079106 -1190498.2780426587 5373094.785682764 16070320.488069555 -617204.653620444 40147464.474308595
34586142.633978054 -1214597.4173961722 5360570.2449603025 16031055.937038885 -608447.5961922334 40056602.28184895
35750370.67575446 -949303.5041974608 5460470.861064841 16350543.48635954 -427702.76979648677 40449268.476132266
37902119.490746 -1355037.8207079172 5424796.528100043 16428815.744957792 -875171.2172349574 39280440.89656226
38080293.89255612 -1305071.1819762073 5427311.37848173 16419779.663248878 -898247.0804796021 39004829.356231466
36959516.93840511 -1527660.2344267205 5333484.417273628 16148447.1969498 -1023714.500750778 38893216.163973756
35655277.087446995 -1108187.3664583184 5442199.1858256515 16305477.518969284 -546938.9726299382 40366551.077989765
36842014.948011145 -1284730.0685928285 5488418.209476909 16492194.562015058 -641520.9626390714 40211359.29140689
36966361.03005199 -1051828.8843977728 5515155.301183455 16583847.047267959 -479652.0615115578 40552862.21319436
37473225.20497052 -977392.4473874816 5555015.865726793 16682258.08661904 -452905.3460490183 40434680.71621419
37471894.58433802 -977135.8756099222 5554991.863234587 16682182.73420774 -452694.25802671287 40435648.53643072
39280627.65799684 -766232.7353132202 5634164.863185048 16901631.301695224 -343527.8052579118 39590773.87534891
39037242.10015898 -896451.9174356858 5608435.738307925 16926947.35072448 -471768.6698397783 40293979.02917357
39390020.43524163 -644849.1967875215 5690739.4471167745 17078837.82235654 -201675.5446942383 40333287.57282515
39265760.16586942 -626474.2411443666 5680179.309596292 17038959.91999443 -202126.7177331227 40244125.86642856
39226190.93823419 -756355.8267882639 5634030.586597626 16949495.559498608 -330949.5890773847 40029467.36237843
39261467.26073285 -627140.1801896641 5677615.511775829 16999808.281817127 -200055.91301451722 39960843.78444073
39284893.903726555 -671528.6422900459 5658660.781522351 16996107.880849686 -267143.827787029 40097361.12785968
38000361.81973239 -1376341.9882819343 5392474.945076672 16307336.871013358 -991001.8315898625 38533583.42684502
39236408.437873945 -826535.1290782358 5594183.301059513 16768362.970266087 -469586.80212920037 38968662.106385775
38829737.13499558 -1051057.2296116608 5518934.813486963 16594127.432827136 -678868.5436967594 38733933.91475939
39281974.94521345 -761583.7014893732 5634713.626746458 16957663.986794885 -331943.6446284372 40032200.361733414
37006922.0840908 -1559753.6050251464 5353773.89158574 16224719.001829414 -1049337.4658187917 39253090.63502206
36411365.12569165 -1912086.664184064 5103400.467417436 15645911.902735112 -1534426.2349749317 37721925.119905196
37637837.428265594 -1431084.1527299448 5358374.716161098 16237692.98269366 -1010368.2196473812 38679958.98242459
36371584.87397881 -1385256.1005496269 5400291.755025148 16266945.120382061 -779099.8815227341 39761058.348821536
36295123.61391051 -1460595.8865607088 5377427.298504802 16221227.448117798 -813259.4363493469 39700422.72887877
39411200.78632814 -633327.6603477041 5696066.723459377 17089636.92674453 -191925.01910325032 40345227.292300686
39410618.6808872 -633326.5837138105 5696061.254891289 17089631.697506677 -191935.54661593895 40345822.26437621
39408389.64176714 -632185.5971326157 5693989.943065839 17048190.798586655 -187932.34502733583 40037237.24250788
39376970.52191795 -654029.072363359 5686213.781334339 17069734.016475327 -210296.25807325024 40318763.623056516
39411268.64776841 -634198.2614201639 5696028.635334707 17089523.620609973 -192797.51842135165 40344633.89714349
39390219.27281913 -644880.5553617602 5690739.223304906 17078834.642886885 -201704.2608138838 40333065.54459085
39335692.043545686 -589794.8080185192 5674068.308465009 17007963.366244655 -151182.17110035272 39987331.74124272
39411026.381969705 -633191.3518590863 5696062.468858697 17089625.116297577 -191788.32254577623 40345349.75140465
39410878.7381808 -633221.422474088 5696058.768114171 17089615.60613034 -191820.47837497774 40345458.32362824
39338985.71032149 -591203.978266566 5676090.4054531315 17049235.113493882 -155419.7234278256 40293991.08296857
39227934.103963375 -559527.2761141611 5668673.205146847 17010232.299237844 -129805.43424782681 40167192.14829763
39408610.16878864 -632574.3886623346 5693989.193759965 17048189.80101005 -188323.82863661702 40037016.23957404
39336492.31277407 -589970.033950644 5674053.628505987 17007914.208757747 -151339.23124034636 39986285.00047388
39376092.15670702 -653531.5229988444 5686235.835519309 17069822.94268821 -209819.82602986417 40320132.88873443
39373953.68005817 -657572.9386955793 5685761.869669687 17045539.651299044 -220430.97881328492 40132744.75195634
39412707.130431056 -633973.5111192726 5696030.071935722 17089509.835899897 -192546.36790603216 40343070.7198554
39336641.538309015 -589401.1545832242 5674043.664213188 17007874.808598097 -150752.91926815832 39985920.228167385
39338920.24057953 -591108.9707994853 5676092.140359436 17049239.751482785 -155323.66088529705 40294076.29889559
35026940.6499394 -618208.1186860742 5423514.373986342 16182622.200846415 -190504.66180082673 40198893.11588751
36788039.583561435 -760304.3323962644 5547840.247132589 16612204.84743468 -309605.56782179564 40631196.627277255
36326837.708682634 -693496.3759087077 5515392.624817816 16498521.255267963 -287380.0544917583 40507405.982286155
39260652.26663545 -629099.0424564258 5677337.2163692145 16942689.27160835 -206894.06370456042 39507489.63068457
39336945.86194723 -589512.4673746577 5674038.667338582 17007859.544237807 -150857.4756981339 39985543.74135054
39056980.359175585 -507397.37944916316 5638083.560885669 16952643.86436174 -94074.75498433405 40183334.729536414
39390216.02373082 -644447.5108947657 5690731.640883397 17078809.852106553 -201263.06039271396 40332946.27110298
39059131.81555317 -572284.4729239591 5653908.086771465 16981494.283632766 -155383.77248479158 40253741.41914921
39336344.33162124 -589581.022820178 5674042.255926877 17007876.942399368 -150938.7549234163 39986248.569067806
39227204.18004715 -562694.0287860542 5668214.635684413 16985958.922760077 -139491.67054500277 39978320.76610475
39227235.722407274 -562770.847965488 5668212.994397131 16985955.22313369 -139569.46048026142 39978276.03680694
34489423.41717387 -1385027.6224622405 5317491.284406982 15900166.842386737 -779265.1067524364 39536998.28485658
39336771.46795796 -589853.2421749008 5674032.485971212 17007849.93008792 -151204.49407363372 39985703.00508808
34781563.19498036 -1683906.751530018 5335347.790581382 15957178.436385741 -1064834.290785247 39522386.17107734
37306074.64386455 -1693110.8035365867 5297346.129494099 16124999.212708097 -1217715.1522491132 38720457.43850468
35892967.826840825 -1635462.0493535972 5321140.151995493 16049348.89945389 -1052331.050707667 39290421.47663143
34808185.30401323 -1660967.9771707812 5290812.773688542 15876264.456654314 -1053477.2510125868 39293802.30476858
39397651.47410341 -642451.4173462341 5691537.650304097 17080536.44020903 -200501.4453866397 40331263.384596914
38499268.19671376 -1291677.266729649 5423830.988210683 16252439.392524295 -991256.0067955306 37281936.75697991
36605062.662983686 -917534.0789323754 5514035.086929495 16528758.324323203 -385602.1703780298 40484652.94692434
33382241.865863193 -1066813.0398617375 5301126.57980728 15736919.166743133 -590690.8534382584 39501845.544954255
33734444.13149495 -1375531.3744799336 5321249.632829247 15821153.917844592 -799988.0251897044 39622290.73065371
34308513.02231123 -1060900.0835520283 5362143.729182139 15991276.561684234 -511329.34579573275 40000262.0578047
37451789.598477624 -570169.2989128615 5597163.362817142 16784963.371348996 -208695.23876642503 40856283.65154925
39347214.59512379 -751917.3780375108 5635763.726937741 16864315.731360987 -385026.97852279973 39209673.846151344
33834684.54015482 -1034842.5350633009 5336931.279865815 15907312.41871035 -510321.1139767984 40054501.880992286
eps 254
0.0 6.612038804915783e-05 6.612038804915783e-05 -0.0005946410992180183
0.00013381765713412245 3.7052309020040226e-05 3.7052309020040226e-05 -0.0006678724829678286
-3.0021553718842255e-05 2.097811894718017e-06 2.097811894718017e-06 -5.979452929660177e-06
0.0 1.5010776859448451e-05 1.5010776859448451e-05 -1.017507671910385e-05
-2.1032072200230737e-05 -3.5480485827707297e-06 -3.5480485827707297e-06 4.891694589422391e-06
-2.7746516682649886e-05 -5.736240697256615e-07 -5.736240697256615e-07 5.67918639451196e-06
0.0 1.1953831762785055e-05 1.1953831762785055e-05 -0.0011201524538715125
-2.3726567051546912e-05 6.309481774243245e-06 6.309481774243245e-06 -0.0011074371742483269
0.0 1.9382490469471025e-05 1.9382490469471025e-05 -0.0018437537551038961
-0.0013557359669564926 0.002472607527320558 0.002472607527320558 -0.0009148618918540241
0.0008721830318264256 0.001037198105600992 0.001037198105600992 -0.0033105485703847845
-4.0805830618727106e-06 0.0001253828826332735 0.0001253828826332735 -7.102519382176826e-05
0.0001306213081390421 5.004543949792674e-05 5.004543949792674e-05 -7.21414091769141e-05
-0.0002426002692923058 6.480218338643503e-05 6.480218338643503e-05 7.843393429075602e-05
0.0003535662620321992 0.0007754639920985215 0.0007754639920985215 -0.0011001744670357232
0.00048100252478381386 0.0005605582534561856 0.0005605582534561856 -0.0013258511323060284
0.00033435878114255167 0.0008507231955184084 0.0008507231955184084 -0.001281063089847146
0.00038041704045188997 0.0005804541274900396 0.0005804541274900396 -0.001313544325730557
0.0005624479256575788 0.0007701767253517187 0.0007701767253517187 -0.0012951184436528086
0.0004754986512249843 0.0005184011565041157 0.0005184011565041157 -0.0015674618042445625
9.784515937228912e-05 0.00012055795175208119 0.00012055795175208119 -0.0005828467530805675
9.670047036555225e-05 0.0001805552984621459 0.0001805552984621459 -0.0005842606914879402
0.0 0.00016027257574638052 0.00016027257574638052 -0.00045972279475313085
1.234603008905456e-05 0.0002395021052037787 0.0002395021052037787 -0.0003859793874869709
0.0 0.0001685008452128287 0.0001685008452128287 -0.00028320102549547613
4.8585234682039504e-06 0.0001805746840449087 0.0001805746840449087 -0.0004168195505973646
-5.6132364479175706e-05 0.0002145297642435353 0.0002145297642435353 -0.0002247395185267511
0.0 0.00013722475679116345 0.00013722475679116345 -0.0001500168906408759
-7.657203728935773e-05 0.00015041556789467087 0.00015041556789467087 -0.0001074742951771508
0.0 9.358460178151602e-05 9.358460178151602e-05 -6.820968238395269e-05
0.0 5.630620490335573e-05 5.630620490335573e-05 -2.860143912328115e-05
-6.219972893307204e-05 9.016286128308766e-05 9.016286128308766e-05 -4.701971967634746e-05
-4.26052675328427e-05 4.8844288441432437e-05 4.8844288441432437e-05 -2.1222877938275418e-05
0.0 3.08843622699344e-05 3.08843622699344e-05 -1.4549961332163822e-05
-3.188924099483071e-05 2.304414423521244e-05 2.304414423521244e-05 -1.1783561608132792e-05
-4.408888714149702e-05 1.282895191995256e-06 1.282895191995256e-06 8.748433855571559e-06
-3.526856351948261e-05 7.27137278284664e-06 7.27137278284664e-06 4.915898994003981e-06
-4.118081322065918e-05 -9.975657206412706e-08 -9.975657206412706e-08 1.0481076898655133e-05
-4.2830736992318906e-05 -7.946116763508633e-07 -7.946116763508633e-07 1.2065750801807812e-05
-3.513769800835715e-05 -5.8588854017444765e-06 -5.8588854017444765e-06 8.712664901488713e-06
-1.3776115293971075e-05 -6.928739713424855e-06 -6.928739713424855e-06 2.8991213653130534e-06
-3.0167811265612035e-05 -4.412007269246272e-06 -4.412007269246272e-06 6.21247418184574e-06
2.755153273113653e-06 -9.861090123397666e-06 -9.861090123397666e-06 -1.3879649645248822e-06
-2.4431249044200142e-05 -7.72502725561098e-06 -7.72502725561098e-06 5.9934743590654944e-06
2.5017237712545626e-05 -1.1797426061695011e-05 -1.1797426061695011e-05 -7.0933313553271434e-06
-1.5093155968132357e-05 -9.757367572608068e-06 -9.757367572608068e-06 5.461903406275949e-06
4.179320168316859e-05 -1.069934036712721e-05 -1.069934036712721e-05 -1.2718918000887054e-05
-5.651283700236376e-06 -1.2034973420609398e-05 -1.2034973420609398e-05 4.886596956887341e-06
6.821247376183086e-05 -9.741294798990246e-06 -9.741294798990246e-06 -2.0813669473377782e-05
1.6483387133924796e-06 -1.0284541241971609e-05 -1.0284541241971609e-05 3.2518695402096248e-06
1.6538569849742585e-05 -8.919794369644527e-06 -8.919794369644527e-06 6.833782366205384e-07
9.6965782161307e-05 -8.019538391655266e-06 -8.019538391655266e-06 -2.9324449477780685e-05
0.00011861572454740336 -3.968562781595279e-06 -3.968562781595279e-06 -3.624536516682567e-05
2.0081388172802427e-05 -1.1021913069779156e-05 -1.1021913069779156e-05 -1.2057171356048596e-06
0.0001466508381450789 9.730471563878227e-07 9.730471563878227e-07 -4.8518794832649566e-05
1.6773134507218457e-05 -5.419835436316288e-06 -5.419835436316288e-06 5.863941671937958e-07
1.9274040647904075e-05 7.044863020271128e-06 7.044863020271128e-06 4.090743126710988e-06
0.00015341063946983102 3.790440054444208e-07 3.790440054444208e-07 -5.025495635623857e-05
0.00016252677468777256 5.467356849515263e-06 5.467356849515263e-06 -4.992234722512798e-05
-2.793909107762887e-05 2.4545277762373e-05 2.4545277762373e-05 7.910129103950916e-06
0.00017681684886809777 1.921739646902371e-05 1.921739646902371e-05 -7.364353113425114e-05
-3.223153515412411e-05 1.3847788613192968e-05 1.3847788613192968e-05 1.4739642445713106e-05
-9.851112826554019e-05 2.2879700181828487e-05 2.2879700181828487e-05 3.849937669589019e-05
-0.00036919874652429534 0.0004269054800463642 0.0004269054800463642 -0.0001306584135051629
-0.00042393099603771367 0.00019811091385337582 0.00019811091385337582 0.0001529040406419626
-0.0005924568492734122 0.0009687751985029795 0.0009687751985029795 0.0005671226528549591
4.894811823037037e-05 0.0002226661716498072 0.0002226661716498072 -0.0016255219370566888
0.0 4.7629841701710576e-05 4.7629841701710576e-05 -0.0014070913532195709
0.0 3.591282740359737e-05 3.591282740359737e-05 -0.001228388219668558
-2.029446407731483e-05 0.00011915206124808312 0.00011915206124808312 -0.001317739786444191
-2.0413191629466367e-05 6.721512348351253e-05 6.721512348351253e-05 -0.0011854390443226167
0.0 2.441345113371182e-05 2.441345113371182e-05 -0.0011445757139778058
-2.5319803193748937e-05 2.9063708250122632e-05 2.9063708250122632e-05 -0.0011293691848961035
-1.2165308467487966e-06 7.964225059735666e-06 7.964225059735666e-06 -0.001104632550104732
-1.6138031349683656e-05 -4.373961201859797e-06 -4.373961201859797e-06 -0.0011087884995352217
4.760562171617044e-05 -1.6637878312313243e-05 -1.6637878312313243e-05 -0.0011484011836489713
9.412077833879111e-05 1.9676538901947094e-05 1.9676538901947094e-05 -0.001155580395557406
0.0002492332956801661 4.985488392393253e-05 4.985488392393253e-05 -0.001226044875022432
0.00018239626964497115 -1.4608053014166834e-05 -1.4608053014166834e-05 -0.001234370382639351
0.00033884483790264997 2.7177052396866875e-05 2.7177052396866875e-05 -0.001288108914940674
0.0004021221621336352 8.723754905202996e-05 8.723754905202996e-05 -0.0012571074135412051
0.00042323515750709536 6.155552260276331e-05 6.155552260276331e-05 -0.0012288181216242476
0.00044320868263913505 9.375744514928145e-05 9.375744514928145e-05 -0.0011769955612900857
0.0004161757251737092 8.422816087614625e-05 8.422816087614625e-05 -0.001088307973139779
0.0003920003546733257 8.159841670662754e-05 8.159841670662754e-05 -0.001029728999751631
0.00029534936351407044 5.724993178649843e-05 5.724993178649843e-05 -0.0008574860948821918
0.00033866929655542377 8.235292846525577e-05 8.235292846525577e-05 -0.0009122681522712058
0.00020115019288102613 6.43651322290988e-05 6.43651322290988e-05 -0.0007516337022736563
-2.459023886768474e-05 3.268896381012487e-05 3.268896381012487e-05 -2.2098923007493588e-05
-0.00014573505766782643 0.00014901765545840672 0.00014901765545840672 -3.730177334776224e-05
-1.718361443967243e-05 6.292092346425553e-05 6.292092346425553e-05 -1.791967130389e-05
0.0003242338333882887 0.00020417912478540252 0.00020417912478540252 -0.0008998781081139633
0.0003970213568023791 0.000237335106745996 0.000237335106745996 -0.001045006962994052
0.00030790413067995255 0.00018676987709853815 0.00018676987709853815 -0.0009011038207883071
1.7577590751626793e-05 -3.5702957293775586e-06 -3.5702957293775586e-06 -2.555200352829688e-05
2.0217649536132975e-05 -9.319224382823692e-06 -9.319224382823692e-06 -1.8660678510084476e-05
-6.942309951969136e-05 4.330448604278542e-06 4.330448604278542e-06 1.5844521849375554e-05
1.0388301650747034e-07 -1.7809431717330997e-05 -1.7809431717330997e-05 -1.1225928852023794e-05
-6.199577354720571e-06 -1.604290051433043e-05 -1.604290051433043e-05 -1.533468635340468e-06
-4.723368735572395e-05 -2.013735750746914e-05 -2.013735750746914e-05 1.1626201170735425e-05
-2.4969637168600085e-05 -1.0948213404272739e-05 -1.0948213404272739e-05 7.1020734276630265e-06
-4.4398040196158e-05 -1.0515488431266735e-05 -1.0515488431266735e-05 1.2606714642319376e-05
-1.6697080786588553e-05 -1.675864349822695e-05 -1.675864349822695e-05 1.921751013343688e-06
-0.00023119341257755625 0.0002979038320593348 0.0002979038320593348 -7.878051286109612e-05
-0.00025501385311185856 0.00017740421331186246 0.00017740421331186246 6.056959849563967e-05
-8.470415459334824e-05 0.00014146568415707443 0.00014146568415707443 -6.982298424937708e-05
-6.156007501929901e-05 0.00013681235965212854 0.00013681235965212854 -0.0001475092427304516
-8.096146305277006e-05 0.00023219826654049538 0.00023219826654049538 -0.0002626905695364812
9.643419169907215e-06 0.00018377356175221406 0.00018377356175221406 -0.0003485951019399563
-2.1323536622009055e-05 -1.3192908193958031e-05 -1.3192908193958031e-05 -0.0011727924428003127
5.662912255499916e-05 5.468606737367829e-05 5.468606737367829e-05 -0.0012408978584503311
-2.0294464076666844e-05 -1.5828272374141238e-05 -1.5828272374141238e-05 -0.00130193448930737
0.0003231252888588054 0.000122961019092568 0.000122961019092568 -0.0012481970091071729
0.0004409784151082403 0.00018029686956837822 0.00018029686956837822 -0.001334921231928513
0.00042622490824048976 0.00023665389785879954 0.00023665389785879954 -0.0011793254022951685
0.00040845218271593517 0.00020642706924216237 0.00020642706924216237 -0.0012267528664489241
-7.369919057122128e-05 8.33134896275329e-05 8.33134896275329e-05 -5.069435279313078e-05
-0.00010108116180073846 8.507442977155768e-05 8.507442977155768e-05 -3.910878000488487e-05
-6.193120579494309e-05 4.5902056030696496e-05 4.5902056030696496e-05 -8.286085460385938e-06
-0.0005937008520445871 0.0016216921349499174 0.0016216921349499174 -0.0007891969404606146
-0.00024320512593129927 0.0008566445325625631 0.0008566445325625631 -2.7981182165483058e-05
-0.00042365608517213216 0.0006289380549642827 0.0006289380549642827 -0.0001974285421899192
2.5484601934442603e-05 1.1211793672694655e-05 1.1211793672694655e-05 -0.0011397511895890385
0.00018819056990305064 5.22040627841427e-05 5.22040627841427e-05 -0.0012240892818191108
0.00014717856739406484 -8.691738306153913e-06 -8.691738306153913e-06 -0.0012700505965957138
0.0008721441260621716 0.0009927841679926177 0.0009927841679926177 -0.0017153210860811063
0.0006459038029315392 0.000481101012565703 0.000481101012565703 -0.002267173977049196
4.886312374758935e-05 8.283414804337622e-06 8.283414804337622e-06 -0.0015503692540335037
-4.306028033082501e-05 2.2461526404795778e-05 2.2461526404795778e-05 6.0533191588410634e-06
-5.070177694535695e-05 1.8509312192921e-05 1.8509312192921e-05 4.124951441502984e-06
-3.5473621219649293e-05 1.0518904035747448e-05 1.0518904035747448e-05 6.1577447940221025e-06
-4.214197818996794e-05 -7.233934652076164e-06 -7.233934652076164e-06 1.1342067379098993e-05
-3.003850368635336e-05 -5.814578695393092e-06 -5.814578695393092e-06 8.242735986182165e-06
-4.06334821118312e-05 -3.3890804190036864e-06 -3.3890804190036864e-06 1.0986642462404663e-05
-5.0070160793097424e-05 1.998994107759141e-06 1.998994107759141e-06 1.1936153860410441e-05
2.5848696859552732e-05 7.612238790721958e-06 7.612238790721958e-06 -0.0011636329071632312
-3.528822495282665e-05 1.7278387314046943e-06 1.7278387314046943e-06 -0.0011059076722867572
0.00015667513853144538 6.61134720160774e-05 6.61134720160774e-05 -0.0012485957867812716
0.0001200654240770308 -2.757000091466725e-06 -2.757000091466725e-06 -0.0013776452876452412
0.000285996502781922 7.216155114419238e-05 7.216155114419238e-05 -0.0014511300098286207
0.000293285520696349 4.3161440753041705e-05 4.3161440753041705e-05 -0.0013401303455380354
0.0003426121035055896 0.00017767380991017077 0.00017767380991017077 -0.0012869888686388182
0.0003450676565379104 0.00012511760053150972 0.00012511760053150972 -0.0016668429933662677
0.00016921794935450125 0.00010658440141438948 0.00010658440141438948 -0.0013565246769785821
0.0004105751842514398 0.00026232159613727896 0.00026232159613727896 -0.001382857420498935
0.0004324140460426429 0.0003247052154233161 0.0003247052154233161 -0.001515641542162145
0.00039109685349858817 0.00019730407299649522 0.00019730407299649522 -0.001388855566298669
0.0004559948207239774 0.0004061802514180276 0.0004061802514180276 -0.001270069106678083
0.0004337750507939586 0.0002824995483526313 0.0002824995483526313 -0.0012494307137524297
0.0004085227286324842 0.0004426985385507685 0.0004426985385507685 -0.001298157281811001
0.00040006769720880213 0.0003114043910764624 0.0003114043910764624 -0.0012742006454273874
0.00040750783213323204 0.0004902779661938324 0.0004902779661938324 -0.0010689096350727338
-0.00011256623941039681 0.00014750948832047267 0.00014750948832047267 -0.00011463716224825791
-0.00010673514200534249 8.785390872677008e-05 8.785390872677008e-05 -5.6740357668852735e-05
-8.450833588997473e-05 0.00017431609045479786 0.00017431609045479786 -0.00016056614356624115
-0.00013548614162182926 0.00018056784434034 0.00018056784434034 -0.00013813056861826338
-9.23619634106978e-05 0.0002776389298703261 0.0002776389298703261 -0.00031152587704688065
5.2160023322583545e-05 0.0002803506599005842 0.0002803506599005842 -0.0005092369515100022
5.144664983208931e-05 0.00027444418669891673 0.00027444418669891673 -0.0004564978741778505
-1.9248764734641202e-05 0.00027238916896988056 0.00027238916896988056 -0.00031667700099387774
-9.279596862482989e-05 0.00020879118392207148 0.00020879118392207148 -0.00017065939564276625
-0.00018063711816649556 0.00021531210083164894 0.00021531210083164894 -0.00010587264955398191
-0.00012837465753784156 0.00010981940059000932 0.00010981940059000932 -7.275463901263045e-05
-0.00014442143997354338 0.00010266569209450388 0.00010266569209450388 -2.9812318783129605e-05
-0.0001219186844496397 0.00036850477800699175 0.00036850477800699175 -0.0003294593373216279
-1.5181654992737744e-05 0.00036319186152931307 0.00036319186152931307 -0.0003585079972104877
-1.0744241221332979e-06 0.0003834646045106412 0.0003834646045106412 -0.0005175607519261379
-0.0001331176909769327 8.792956675672366e-05 8.792956675672366e-05 -2.801073479543512e-05
-0.00010854264371865284 2.697137682652854e-05 2.697137682652854e-05 1.4894717563915185e-06
-0.00012876062023174162 9.670897328591116e-05 9.670897328591116e-05 -5.0720991608930576e-05
-0.00012330045576504632 0.000283018185053811 0.000283018185053811 -0.000146596313471763
-0.0001843741302284585 0.0002592049090445713 0.0002592049090445713 -0.0001487833741984025
-0.0001360571384361888 0.00012821676833011782 0.00012821676833011782 -3.8701173795617255e-05
6.656526406853422e-06 0.0004849071861064098 0.0004849071861064098 -0.00040132566712338964
1.8797541948353358e-05 0.000524110298492301 0.000524110298492301 -0.0005966745370619198
-0.00015603739064266528 0.000475633799168731 0.000475633799168731 -0.0003731819060056919
0.000170475011940551 0.0004275731209833634 0.0004275731209833634 -0.0007126629818774044
0.00011731356355908977 0.00032810646417027887 0.00032810646417027887 -0.0005668236835252808
0.00017768651300260806 0.0004381176962233696 0.0004381176962233696 -0.0007361204995573242
0.0002777906359234351 0.0005154906770667646 0.0005154906770667646 -0.001043143425187955
2.2822000580957624e-05 0.0006543497506697662 0.0006543497506697662 -0.0007297362056977756
0.0002790204587583814 0.000501401473259953 0.000501401473259953 -0.0008826997160834276
0.00019508539464456313 0.000574040491737637 0.000574040491737637 -0.0007343398241352331
0.00036202218672419897 0.0003847641126039687 0.0003847641126039687 -0.0009989587618188397
0.0003577660849388164 0.00036580765678555064 0.00036580765678555064 -0.0010824040377839976
0.0002649014087936514 0.00031185500566539734 0.00031185500566539734 -0.000835463464200789
-0.0002237249515476856 0.0005635046284913354 0.0005635046284913354 -0.00034613704445037507
-0.00016405300918233097 0.0003600513080110823 0.0003600513080110823 -0.00010416264080481859
6.598759919023561e-06 0.0005874059637644658 0.0005874059637644658 -0.000365325835129588
0.00027195442163008233 0.0003201369318204107 0.0003201369318204107 -0.0008456053377500811
0.0001310749413480608 0.0003538547147408486 0.0003538547147408486 -0.0006074701490434537
0.00019318814506238003 0.0002588788525861549 0.0002588788525861549 -0.0006758520657820749
0.00010950283793446369 0.00020655017060936426 0.00020655017060936426 -0.0005679951302907894
0.00011019664134623823 0.00021259194960367454 0.00021259194960367454 -0.0005374989631996758
-0.0001649173310078888 0.0001487671932328749 0.0001487671932328749 -1.7265212091318715e-05
-0.00019479842360521442 0.0003065846268538614 0.0003065846268538614 -0.00015929141727737584
-9.982572695050091e-05 3.580006947664498e-05 3.580006947664498e-05 7.21739113620579e-06
-0.00014705698576857545 0.00012127916466632595 0.00012127916466632595 -4.012368469003707e-05
-0.00014008011497323525 0.00014652637813801698 0.00014652637813801698 -5.813827709136559e-05
-0.00012777058447619187 4.344209228017483e-05 4.344209228017483e-05 1.3312552753063614e-05
-0.00015408093545984158 0.00011857027643213632 0.00011857027643213632 -3.330541599490841e-05
-0.000198531676335216 0.0004136434114170015 0.0004136434114170015 -7.752300519174235e-05
-0.00020980037040199448 0.00016021839579545257 0.00016021839579545257 2.8630543794316843e-05
-0.00030421590437080387 0.00036306344043529994 0.00036306344043529994 -6.496291915092465e-05
-0.00017894387229163805 0.00017953303125471307 0.00017953303125471307 -4.8343464369036775e-05
-3.946051297222574e-05 0.0008605074850728331 0.0008605074850728331 -0.0007583907117433121
-4.955269145538042e-05 0.00077166151005304 0.00077166151005304 -0.0003302866207988073
-0.0003297001128625426 0.0006916907867645329 0.0006916907867645329 -0.00034272487594754885
0.000232769983178476 0.0006367173523078961 0.0006367173523078961 -0.001064175092272135
0.00023169729722480347 0.0006612105044734072 0.0006612105044734072 -0.0008778331382977319
-8.975373079953155e-05 3.240824874993034e-05 3.240824874993034e-05 -9.79093912034236e-06
-9.554869953668598e-05 3.163111410288257e-05 3.163111410288257e-05 7.356389717381225e-09
-7.695377758151759e-05 1.0851535590220413e-05 1.0851535590220413e-05 1.8069348401177197e-05
-6.933861599109807e-05 4.258870859106716e-05 4.258870859106716e-05 -9.341403547213874e-06
-6.52896873017925e-05 7.730451668972655e-06 7.730451668972655e-06 8.457482290605904e-06
-9.589069475726626e-05 3.4964409166995146e-05 3.4964409166995146e-05 5.285285454291104e-06
-8.002299752149135e-05 -8.800972427422308e-06 -8.800972427422308e-06 1.4304609756671618e-05
-8.963514955126123e-05 3.6234470148437196e-05 3.6234470148437196e-05 -5.404128006836418e-06
-8.958180246225633e-05 3.530588934099093e-05 3.530588934099093e-05 -1.65685014256393e-06
-5.1874634542799854e-05 5.913250638697767e-06 5.913250638697767e-06 7.530487117959675e-06
-4.242315852257549e-05 -1.3257650538324915e-05 -1.3257650538324915e-05 3.7477083605701823e-06
-7.291680433274095e-05 -4.716134795270588e-07 -4.716134795270588e-07 1.5751199076269618e-05
-6.074828571592772e-05 -1.4056975975539713e-05 -1.4056975975539713e-05 9.914605553756146e-06
-9.916498960363396e-05 5.3992028523718104e-05 5.3992028523718104e-05 -1.0571943788905119e-05
-0.00011618108307912995 3.226372996787644e-05 3.226372996787644e-05 1.7593656331303643e-05
-4.747330768383736e-05 1.6142902820519525e-05 1.6142902820519525e-05 -1.6795646589888894e-05
-5.054163231371655e-05 3.0995190985939236e-06 3.0995190985939236e-06 1.4547251908436485e-05
-5.445815017862572e-05 8.850518870387304e-06 8.850518870387304e-06 7.1659428986860305e-06
0.00038518789090232007 0.0002165953176950894 0.0002165953176950894 -0.0010804110405989013
0.00019806914711698937 0.00012759806953930875 0.00012759806953930875 -0.0007486580999826586
0.00023457033608013895 0.0001628836392699098 0.0001628836392699098 -0.0007325803808000283
-0.00012488500142487523 5.672664273501278e-05 5.672664273501278e-05 2.8471500055783855e-05
-4.7239400211918537e-05 -1.6396629683588702e-07 -1.6396629683588702e-07 9.719753650245665e-06
1.4668677106416335e-05 -1.7649475338968023e-05 -1.7649475338968023e-05 -9.829795396113384e-06
-9.010641921910302e-05 4.7114890774919575e-05 4.7114890774919575e-05 9.524606235535309e-06
1.9935456606951222e-05 9.648717509746943e-06 9.648717509746943e-06 -3.8210246621327854e-05
-5.7638411519292885e-05 -2.457109425436406e-06 -2.457109425436406e-06 1.6859995849440924e-05
-4.345422670441314e-05 -8.276063734952854e-06 -8.276063734952854e-06 1.0805789195470217e-05
-4.163288565498023e-05 -1.078496189369711e-05 -1.078496189369711e-05 1.1479720233382852e-05
0.0003767525156341933 0.000590057226503386 0.000590057226503386 -0.0010502352480382914
-4.909801231055429e-05 -1.1208509275894912e-05 -1.1208509275894912e-05 1.3212746894531379e-05
0.0004387030586477848 0.0011194433263281443 0.0011194433263281443 -0.0017093580426115317
-0.00017347693413588767 0.001159489046392031 0.001159489046392031 -0.000868115085449789
0.00023056891952798328 0.000890176257038978 0.000890176257038978 -0.0009510726036065639
0.0004266649781855991 0.001029348079993834 0.001029348079993834 -0.0012977553486133546
-6.605316531522109e-05 3.98626237667179e-05 3.98626237667179e-05 -2.0097452015389915e-05
-0.0003196106905680779 0.000387956140248618 0.000387956140248618 4.886684923664092e-05
0.0001897901085418641 0.0002490459994301252 0.0002490459994301252 -0.0007042582111648146
0.0006063191430026598 0.000565232204044876 0.000565232204044876 -0.0015567547923238875
0.0005623451651178275 0.0007541157075375935 0.0007541157075375935 -0.0017583729439506028
0.000547291565821663 0.0005042149186141919 0.0005042149186141919 -0.0016175548290551759
0.000166670459845022 8.390803767503903e-05 8.390803767503903e-05 -0.0015050272655993784
-0.00021092157280520532 0.00012681906645982063 0.00012681906645982063 3.890103786301051e-05
0.00041700442313827237 0.00036249883490700025 0.00036249883490700025 -0.0011373918876020207
eps_abs 254
0.0 0.0 0.0 0.0
0.0 0.0 0.0 0.0
0.0 0.0 0.0 0.0
0.0 0.0 0.0 0.0
0.0 0.0 0.0 0.0
0.0 0.0 0.0 0.0
0.0 0.0 0.0 0.0
0.0 0.0 0.0 0.0
0.0 0.0 0.0 0.0
0.0 0.0 0.0 0.0
0.0 0.0 0.0 0.0
0.0 0.0 0.0 0.0
0.0 0.0 0.0 0.0
0.0 0.0 0.0 0.0
0.0 0.0 0.0 0.0
0.0 0.0 0.0 0.0
0.0 0.0 0.0 0.0
0.0 0.0 0.0 0.0
0.0 0.0 0.0 0.0
0.0 0.0 0.0 0.0
0.0 0.0 0.0 0.0
0.0 0.0 0.0 0.0
0.0 0.0 0.0 0.0
0.0 0.0 0.0 0.0
0.0 0.0 0.0 0.0
0.0 0.0 0.0 0.0
0.0 0.0 0.0 0.0
0.0 0.0 0.0 0.0
0.0 0.0 0.0 0.0
0.0 0.0 0.0 0.0
0.0 0.0 0.0 0.0
0.0 0.0 0.0 0.0
0.0 0.0 0.0 0.0
0.0 0.0 0.0 0.0
0.0 0.0 0.0 0.0
0.0 0.0 0.0 0.0
0.0 0.0 0.0 0.0
0.0 0.0 0.0 0.0
0.0 0.0 0.0 0.0
0.0 0.0 0.0 0.0
0.0 0.0 0.0 0.0
0.0 0.0 0.0 0.0
0.0 0.0 0.0 0.0
0.0 0.0 0.0 0.0
0.0 0.0 0.0 0.0
0.0 0.0 0.0 0.0
0.0 0.0 0.0 0.0
0.0 0.0 0.0 0.0
0.0 0.0 0.0 0.0
0.0 0.0 0.0 0.0
0.0 0.0 0.0 0.0
0.0 0.0 0.0 0.0
0.0 0.0 0.0 0.0
0.0 0.0 0.0 0.0
0.0 0.0 0.0 0.0
0.0 0.0 0.0 0.0
0.0 0.0 0.0 0.0
0.0 0.0 0.0 0.0
0.0 0.0 0.0 0.0
0.0 0.0 0.0 0.0
0.0 0.0 0.0 0.0
0.0 0.0 0.0 0.0
0.0 0.0 0.0 0.0
0.0 0.0 0.0 0.0
0.0 0.0 0.0 0.0
0.0 0.0 0.0 0.0
0.0 0.0 0.0 0.0
0.0 0.0 0.0 0.0
0.0 0.0 0.0 0.0
0.0 0.0 0.0 0.0
0.0 0.0 0.0 0.0
0.0 0.0 0.0 0.0
0.0 0.0 0.0 0.0
0.0 0.0 0.0 0.0
0.0 0.0 0.0 0.0
0.0 0.0 0.0 0.0
0.0 0.0 0.0 0.0
0.0 0.0 0.0 0.0
0.0 0.0 0.0 0.0
0.0 0.0 0.0 0.0
0.0 0.0 0.0 0.0
0.0 0.0 0.0 0.0
0.0 0.0 0.0 0.0
0.0 0.0 0.0 0.0
0.0 0.0 0.0 0.0
0.0 0.0 0.0 0.0
0.0 0.0 0.0 0.0
0.0 0.0 0.0 0.0
0.0 0.0 0.0 0.0
0.0 0.0 0.0 0.0
0.0 0.0 0.0 0.0
0.0 0.0 0.0 0.0
0.0 0.0 0.0 0.0
0.0 0.0 0.0 0.0
0.0 0.0 0.0 0.0
0.0 0.0 0.0 0.0
0.0 0.0 0.0 0.0
0.0 0.0 0.0 0.0
0.0 0.0 0.0 0.0
0.0 0.0 0.0 0.0
0.0 0.0 0.0 0.0
0.0 0.0 0.0 0.0
0.0 0.0 0.0 0.0
0.0 0.0 0.0 0.0
0.0 0.0 0.0 0.0
0.0 0.0 0.0 0.0
0.0 0.0 0.0 0.0
0.0 0.0 0.0 0.0
0.0 0.0 0.0 0.0
0.0 0.0 0.0 0.0
0.0 0.0 0.0 0.0
0.0 0.0 0.0 0.0
0.0 0.0 0.0 0.0
0.0 0.0 0.0 0.0
0.0 0.0 0.0 0.0
0.0 0.0 0.0 0.0
0.0 0.0 0.0 0.0
0.0 0.0 0.0 0.0
0.0 0.0 0.0 0.0
0.0 0.0 0.0 0.0
0.0 0.0 0.0 0.0
0.0 0.0 0.0 0.0
0.0 0.0 0.0 0.0
0.0 0.0 0.0 0.0
0.0 0.0 0.0 0.0
0.0 0.0 0.0 0.0
0.0 0.0 0.0 0.0
0.0 0.0 0.0 0.0
0.0 0.0 0.0 0.0
0.0 0.0 0.0 0.0
0.0 0.0 0.0 0.0
0.0 0.0 0.0 0.0
0.0 0.0 0.0 0.0
0.0 0.0 0.0 0.0
0.0 0.0 0.0 0.0
0.0 0.0 0.0 0.0
0.0 0.0 0.0 0.0
0.0 0.0 0.0 0.0
0.0 0.0 0.0 0.0
0.0 0.0 0.0 0.0
0.0 0.0 0.0 0.0
0.0 0.0 0.0 0.0
0.0 0.0 0.0 0.0
0.0 0.0 0.0 0.0
0.0 0.0 0.0 0.0
0.0 0.0 0.0 0.0
0.0 0.0 0.0 0.0
0.0 0.0 0.0 0.0
0.0 0.0 0.0 0.0
0.0 0.0 0.0 0.0
0.0 0.0 0.0 0.0
0.0 0.0 0.0 0.0
0.0 0.0 0.0 0.0
0.0 0.0 0.0 0.0
0.0 0.0 0.0 0.0
0.0 0.0 0.0 0.0
0.0 0.0 0.0 0.0
0.0 0.0 0.0 0.0
0.0 0.0 0.0 0.0
0.0 0.0 0.0 0.0
0.0 0.0 0.0 0.0
0.0 0.0 0.0 0.0
0.0 0.0 0.0 0.0
0.0 0.0 0.0 0.0
0.0 0.0 0.0 0.0
0.0 0.0 0.0 0.0
0.0 0.0 0.0 0.0
0.0 0.0 0.0 0.0
0.0 0.0 0.0 0.0
0.0 0.0 0.0 0.0
0.0 0.0 0.0 0.0
0.0 0.0 0.0 0.0
0.0 0.0 0.0 0.0
0.0 0.0 0.0 0.0
0.0 0.0 0.0 0.0
0.0 0.0 0.0 0.0
0.0 0.0 0.0 0.0
0.0 0.0 0.0 0.0
0.0 0.0 0.0 0.0
0.0 0.0 0.0 0.0
0.0 0.0 0.0 0.0
0.0 0.0 0.0 0.0
0.0 0.0 0.0 0.0
0.0 0.0 0.0 0.0
0.0 0.0 0.0 0.0
0.0 0.0 0.0 0.0
0.0 0.0 0.0 0.0
0.0 0.0 0.0 0.0
0.0 0.0 0.0 0.0
0.0 0.0 0.0 0.0
0.0 0.0 0.0 0.0
0.0 0.0 0.0 0.0
0.0 0.0 0.0 0.0
0.0 0.0 0.0 0.0
0.0 0.0 0.0 0.0
0.0 0.0 0.0 0.0
0.0 0.0 0.0 0.0
0.0 0.0 0.0 0.0
0.0 0.0 0.0 0.0
0.0 0.0 0.0 0.0
0.0 0.0 0.0 0.0
0.0 0.0 0.0 0.0
0.0 0.0 0.0 0.0
0.0 0.0 0.0 0.0
0.0 0.0 0.0 0.0
0.0 0.0 0.0 0.0
0.0 0.0 0.0 0.0
0.0 0.0 0.0 0.0
0.0 0.0 0.0 0.0
0.0 0.0 0.0 0.0
0.0 0.0 0.0 0.0
0.0 0.0 0.0 0.0
0.0 0.0 0.0 0.0
0.0 0.0 0.0 0.0
0.0 0.0 0.0 0.0
0.0 0.0 0.0 0.0
0.0 0.0 0.0 0.0
0.0 0.0 0.0 0.0
0.0 0.0 0.0 0.0
0.0 0.0 0.0 0.0
0.0 0.0 0.0 0.0
0.0 0.0 0.0 0.0
0.0 0.0 0.0 0.0
0.0 0.0 0.0 0.0
0.0 0.0 0.0 0.0
0.0 0.0 0.0 0.0
0.0 0.0 0.0 0.0
0.0 0.0 0.0 0.0
0.0 0.0 0.0 0.0
0.0 0.0 0.0 0.0
0.0 0.0 0.0 0.0
0.0 0.0 0.0 0.0
0.0 0.0 0.0 0.0
0.0 0.0 0.0 0.0
0.0 0.0 0.0 0.0
0.0 0.0 0.0 0.0
0.0 0.0 0.0 0.0
0.0 0.0 0.0 0.0
0.0 0.0 0.0 0.0
0.0 0.0 0.0 0.0
0.0 0.0 0.0 0.0
0.0 0.0 0.0 0.0
0.0 0.0 0.0 0.0
0.0 0.0 0.0 0.0
0.0 0.0 0.0 0.0
0.0 0.0 0.0 0.0
0.0 0.0 0.0 0.0
0.0 0.0 0.0 0.0
0.0 0.0 0.0 0.0
0.0 0.0 0.0 0.0
0.0 0.0 0.0 0.0
0.0 0.0 0.0 0.0
0.0 0.0 0.0 0.0
0.0 0.0 0.0 0.0
sig_last 254
-20003.474659133994 14.124498686684873 14.124498686684873 -19997.997912440413
-20003.474659133994 14.124498686684873 14.124498686684873 -19997.997912440413
-20003.474659133994 14.124498686684873 14.124498686684873 -19997.997912440413
-20003.474659133994 14.124498686684873 14.124498686684873 -19997.997912440413
-20003.474659133994 14.124498686684873 14.124498686684873 -19997.997912440413
-20003.474659133994 14.124498686684873 14.124498686684873 -19997.997912440413
-20003.474659133994 14.124498686684873 14.124498686684873 -19997.997912440413
-20003.474659133994 14.124498686684873 14.124498686684873 -19997.997912440413
-20003.474659133994 14.124498686684873 14.124498686684873 -19997.997912440413
-20003.474659133994 14.124498686684873 14.124498686684873 -19997.997912440413
-20003.474659133994 14.124498686684873 14.124498686684873 -19997.997912440413
-20003.474659133994 14.124498686684873 14.124498686684873 -19997.997912440413
-20003.474659133994 14.124498686684873 14.124498686684873 -19997.997912440413
-20003.474659133994 14.124498686684873 14.124498686684873 -19997.997912440413
-20003.474659133994 14.124498686684873 14.124498686684873 -19997.997912440413
-20003.474659133994 14.124498686684873 14.124498686684873 -19997.997912440413
-20003.474659133994 14.124498686684873 14.124498686684873 -19997.997912440413
-20003.474659133994 14.124498686684873 14.124498686684873 -19997.997912440413
-20003.474659133994 14.124498686684873 14.124498686684873 -19997.997912440413
-20003.474659133994 14.124498686684873 14.124498686684873 -19997.997912440413
-20003.474659133994 14.124498686684873 14.124498686684873 -19997.997912440413
-20003.474659133994 14.124498686684873 14.124498686684873 -19997.997912440413
-20003.474659133994 14.124498686684873 14.124498686684873 -19997.997912440413
-20003.474659133994 14.124498686684873 14.124498686684873 -19997.997912440413
-20003.474659133994 14.124498686684873 14.124498686684873 -19997.997912440413
-20003.474659133994 14.124498686684873 14.124498686684873 -19997.997912440413
-20003.474659133994 14.124498686684873 14.124498686684873 -19997.997912440413
-20003.474659133994 14.124498686684873 14.124498686684873 -19997.997912440413
-20003.474659133994 14.124498686684873 14.124498686684873 -19997.997912440413
-20003.474659133994 14.124498686684873 14.124498686684873 -19997.997912440413
-20003.474659133994 14.124498686684873 14.124498686684873 -19997.997912440413
-20003.474659133994 14.124498686684873 14.124498686684873 -19997.997912440413
-20003.474659133994 14.124498686684873 14.124498686684873 -19997.997912440413
-20003.474659133994 14.124498686684873 14.124498686684873 -19997.997912440413
-20003.474659133994 14.124498686684873 14.124498686684873 -19997.997912440413
-20003.474659133994 14.124498686684873 14.124498686684873 -19997.997912440413
-20003.474659133994 14.124498686684873 14.124498686684873 -19997.997912440413
-20003.474659133994 14.124498686684873 14.124498686684873 -19997.997912440413
-20003.474659133994 14.124498686684873 14.124498686684873 -19997.997912440413
-20003.474659133994 14.124498686684873 14.124498686684873 -19997.997912440413
-20003.474659133994 14.124498686684873 14.124498686684873 -19997.997912440413
-20003.474659133994 14.124498686684873 14.124498686684873 -19997.997912440413
-20003.474659133994 14.124498686684873 14.124498686684873 -19997.997912440413
-20003.474659133994 14.124498686684873 14.124498686684873 -19997.997912440413
-20003.474659133994 14.124498686684873 14.124498686684873 -19997.997912440413
-20003.474659133994 14.124498686684873 14.124498686684873 -19997.997912440413
-20003.474659133994 14.124498686684873 14.124498686684873 -19997.997912440413
-20003.474659133994 14.124498686684873 14.124498686684873 -19997.997912440413
-20003.474659133994 14.124498686684873 14.124498686684873 -19997.997912440413
-20003.474659133994 14.124498686684873 14.124498686684873 -19997.997912440413
-20003.474659133994 14.124498686684873 14.124498686684873 -19997.997912440413
-20003.474659133994 14.124498686684873 14.124498686684873 -19997.997912440413
-20003.474659133994 14.124498686684873 14.124498686684873 -19997.997912440413
-20003.474659133994 14.124498686684873 14.124498686684873 -19997.997912440413
-20003.474659133994 14.124498686684873 14.124498686684873 -19997.997912440413
-20003.474659133994 14.124498686684873 14.124498686684873 -19997.997912440413
-20003.474659133994 14.124498686684873 14.124498686684873 -19997.997912440413
-20003.474659133994 14.124498686684873 14.124498686684873 -19997.997912440413
-20003.474659133994 14.124498686684873 14.124498686684873 -19997.997912440413
-20003.474659133994 14.124498686684873 14.124498686684873 -19997.997912440413
-20003.474659133994 14.124498686684873 14.124498686684873 -19997.997912440413
-20003.474659133994 14.124498686684873 14.124498686684873 -19997.997912440413
-20003.474659133994 14.124498686684873 14.124498686684873 -19997.997912440413
-20003.474659133994 14.124498686684873 14.124498686684873 -19997.997912440413
-20003.474659133994 14.124498686684873 14.124498686684873 -19997.997912440413
-20003.474659133994 14.124498686684873 14.124498686684873 -19997.997912440413
-20003.474659133994 14.124498686684873 14.124498686684873 -19997.997912440413
-20003.474659133994 14.124498686684873 14.124498686684873 -19997.997912440413
-20003.474659133994 14.124498686684873 14.124498686684873 -19997.997912440413
-20003.474659133994 14.124498686684873 14.124498686684873 -19997.997912440413
-20003.474659133994 14.124498686684873 14.124498686684873 -19997.997912440413
-20003.474659133994 14.124498686684873 14.124498686684873 -19997.997912440413
-20003.474659133994 14.124498686684873 14.124498686684873 -19997.997912440413
-20003.474659133994 14.124498686684873 14.124498686684873 -19997.997912440413
-20003.474659133994 14.124498686684873 14.124498686684873 -19997.997912440413
-20003.474659133994 14.124498686684873 14.124498686684873 -19997.997912440413
-20003.474659133994 14.124498686684873 14.124498686684873 -19997.997912440413
-20003.474659133994 14.124498686684873 14.124498686684873 -19997.997912440413
-20003.474659133994 14.124498686684873 14.124498686684873 -19997.997912440413
-20003.474659133994 14.124498686684873 14.124498686684873 -19997.997912440413
-20003.474659133994 14.124498686684873 14.124498686684873 -19997.997912440413
-20003.474659133994 14.124498686684873 14.124498686684873 -19997.997912440413
-20003.474659133994 14.124498686684873 14.124498686684873 -19997.997912440413
-20003.474659133994 14.124498686684873 14.124498686684873 -19997.997912440413
-20003.474659133994 14.124498686684873 14.124498686684873 -19997.997912440413
-20003.474659133994 14.124498686684873 14.124498686684873 -19997.997912440413
-20003.474659133994 14.124498686684873 14.124498686684873 -19997.997912440413
-20003.474659133994 14.124498686684873 14.124498686684873 -19997.997912440413
-20003.474659133994 14.124498686684873 14.124498686684873 -19997.997912440413
-20003.474659133994 14.124498686684873 14.124498686684873 -19997.997912440413
-20003.474659133994 14.124498686684873 14.124498686684873 -19997.997912440413
-20003.474659133994 14.124498686684873 14.124498686684873 -19997.997912440413
-20003.474659133994 14.124498686684873 14.124498686684873 -19997.997912440413
-20003.474659133994 14.124498686684873 14.124498686684873 -19997.997912440413
-20003.474659133994 14.124498686684873 14.124498686684873 -19997.997912440413
-20003.474659133994 14.124498686684873 14.124498686684873 -19997.997912440413
-20003.474659133994 14.124498686684873 14.124498686684873 -19997.997912440413
-20003.474659133994 14.124498686684873 14.124498686684873 -19997.997912440413
-20003.474659133994 14.124498686684873 14.124498686684873 -19997.997912440413
-20003.474659133994 14.124498686684873 14.124498686684873 -19997.997912440413
-20003.474659133994 14.124498686684873 14.124498686684873 -19997.997912440413
-20003.474659133994 14.124498686684873 14.124498686684873 -19997.997912440413
-20003.474659133994 14.124498686684873 14.124498686684873 -19997.997912440413
-20003.474659133994 14.124498686684873 14.124498686684873 -19997.997912440413
-20003.474659133994 14.124498686684873 14.124498686684873 -19997.997912440413
-20003.474659133994 14.124498686684873 14.124498686684873 -19997.997912440413
-20003.474659133994 14.124498686684873 14.124498686684873 -19997.997912440413
-20003.474659133994 14.124498686684873 14.124498686684873 -19997.997912440413
-20003.474659133994 14.124498686684873 14.124498686684873 -19997.997912440413
-20003.474659133994 14.124498686684873 14.124498686684873 -19997.997912440413
-20003.474659133994 14.124498686684873 14.124498686684873 -19997.997912440413
-20003.474659133994 14.124498686684873 14.124498686684873 -19997.997912440413
-20003.474659133994 14.124498686684873 14.124498686684873 -19997.997912440413
-20003.474659133994 14.124498686684873 14.124498686684873 -19997.997912440413
-20003.474659133994 14.124498686684873 14.124498686684873 -19997.997912440413
-20003.474659133994 14.124498686684873 14.124498686684873 -19997.997912440413
-20003.474659133994 14.124498686684873 14.124498686684873 -19997.997912440413
-20003.474659133994 14.124498686684873 14.124498686684873 -19997.997912440413
-20003.474659133994 14.124498686684873 14.124498686684873 -19997.997912440413
-20003.474659133994 14.124498686684873 14.124498686684873 -19997.997912440413
-20003.474659133994 14.124498686684873 14.124498686684873 -19997.997912440413
-20003.474659133994 14.124498686684873 14.124498686684873 -19997.997912440413
-20003.474659133994 14.124498686684873 14.124498686684873 -19997.997912440413
-20003.474659133994 14.124498686684873 14.124498686684873 -19997.997912440413
-20003.474659133994 14.124498686684873 14.124498686684873 -19997.997912440413
-20003.474659133994 14.124498686684873 14.124498686684873 -19997.997912440413
-20003.474659133994 14.124498686684873 14.124498686684873 -19997.997912440413
-20003.474659133994 14.124498686684873 14.124498686684873 -19997.997912440413
-20003.474659133994 14.124498686684873 14.124498686684873 -19997.997912440413
-20003.474659133994 14.124498686684873 14.124498686684873 -19997.997912440413
-20003.474659133994 14.124498686684873 14.124498686684873 -19997.997912440413
-20003.474659133994 14.124498686684873 14.124498686684873 -19997.997912440413
-20003.474659133994 14.124498686684873 14.124498686684873 -19997.997912440413
-20003.474659133994 14.124498686684873 14.124498686684873 -19997.997912440413
-20003.474659133994 14.124498686684873 14.124498686684873 -19997.997912440413
-20003.474659133994 14.124498686684873 14.124498686684873 -19997.997912440413
-20003.474659133994 14.124498686684873 14.124498686684873 -19997.997912440413
-20003.474659133994 14.124498686684873 14.124498686684873 -19997.997912440413
-20003.474659133994 14.124498686684873 14.124498686684873 -19997.997912440413
-20003.474659133994 14.124498686684873 14.124498686684873 -19997.997912440413
-20003.474659133994 14.124498686684873 14.124498686684873 -19997.997912440413
-20003.474659133994 14.124498686684873 14.124498686684873 -19997.997912440413
-20003.474659133994 14.124498686684873 14.124498686684873 -19997.997912440413
-20003.474659133994 14.124498686684873 14.124498686684873 -19997.997912440413
-20003.474659133994 14.124498686684873 14.124498686684873 -19997.997912440413
-20003.474659133994 14.124498686684873 14.124498686684873 -19997.997912440413
-20003.474659133994 14.124498686684873 14.124498686684873 -19997.997912440413
-20003.474659133994 14.124498686684873 14.124498686684873 -19997.997912440413
-20003.474659133994 14.124498686684873 14.124498686684873 -19997.997912440413
-20003.474659133994 14.124498686684873 14.124498686684873 -19997.997912440413
-20003.474659133994 14.124498686684873 14.124498686684873 -19997.997912440413
-20003.474659133994 14.124498686684873 14.124498686684873 -19997.997912440413
-20003.474659133994 14.124498686684873 14.124498686684873 -19997.997912440413
-20003.474659133994 14.124498686684873 14.124498686684873 -19997.997912440413
-20003.474659133994 14.124498686684873 14.124498686684873 -19997.997912440413
-20003.474659133994 14.124498686684873 14.124498686684873 -19997.997912440413
-20003.474659133994 14.124498686684873 14.124498686684873 -19997.997912440413
-20003.474659133994 14.124498686684873 14.124498686684873 -19997.997912440413
-20003.474659133994 14.124498686684873 14.124498686684873 -19997.997912440413
-20003.474659133994 14.124498686684873 14.124498686684873 -19997.997912440413
-20003.474659133994 14.124498686684873 14.124498686684873 -19997.997912440413
-20003.474659133994 14.124498686684873 14.124498686684873 -19997.997912440413
-20003.474659133994 14.124498686684873 14.124498686684873 -19997.997912440413
-20003.474659133994 14.124498686684873 14.124498686684873 -19997.997912440413
-20003.474659133994 14.124498686684873 14.124498686684873 -19997.997912440413
-20003.474659133994 14.124498686684873 14.124498686684873 -19997.997912440413
-20003.474659133994 14.124498686684873 14.124498686684873 -19997.997912440413
-20003.474659133994 14.124498686684873 14.124498686684873 -19997.997912440413
-20003.474659133994 14.124498686684873 14.124498686684873 -19997.997912440413
-20003.474659133994 14.124498686684873 14.124498686684873 -19997.997912440413
-20003.474659133994 14.124498686684873 14.124498686684873 -19997.997912440413
-20003.474659133994 14.124498686684873 14.124498686684873 -19997.997912440413
-20003.474659133994 14.124498686684873 14.124498686684873 -19997.997912440413
-20003.474659133994 14.124498686684873 14.124498686684873 -19997.997912440413
-20003.474659133994 14.124498686684873 14.124498686684873 -19997.997912440413
-20003.474659133994 14.124498686684873 14.124498686684873 -19997.997912440413
-20003.474659133994 14.124498686684873 14.124498686684873 -19997.997912440413
-20003.474659133994 14.124498686684873 14.124498686684873 -19997.997912440413
-20003.474659133994 14.124498686684873 14.124498686684873 -19997.997912440413
-20003.474659133994 14.124498686684873 14.124498686684873 -19997.997912440413
-20003.474659133994 14.124498686684873 14.124498686684873 -19997.997912440413
-20003.474659133994 14.124498686684873 14.124498686684873 -19997.997912440413
-20003.474659133994 14.124498686684873 14.124498686684873 -19997.997912440413
-20003.474659133994 14.124498686684873 14.124498686684873 -19997.997912440413
-20003.474659133994 14.124498686684873 14.124498686684873 -19997.997912440413
-20003.474659133994 14.124498686684873 14.124498686684873 -19997.997912440413
-20003.474659133994 14.124498686684873 14.124498686684873 -19997.997912440413
-20003.474659133994 14.124498686684873 14.124498686684873 -19997.997912440413
-20003.474659133994 14.124498686684873 14.124498686684873 -19997.997912440413
-20003.474659133994 14.124498686684873 14.124498686684873 -19997.997912440413
-20003.474659133994 14.124498686684873 14.124498686684873 -19997.997912440413
-20003.474659133994 14.124498686684873 14.124498686684873 -19997.997912440413
-20003.474659133994 14.124498686684873 14.124498686684873 -19997.997912440413
-20003.474659133994 14.124498686684873 14.124498686684873 -19997.997912440413
-20003.474659133994 14.124498686684873 14.124498686684873 -19997.997912440413
-20003.474659133994 14.124498686684873 14.124498686684873 -19997.997912440413
-20003.474659133994 14.124498686684873 14.124498686684873 -19997.997912440413
-20003.474659133994 14.124498686684873 14.124498686684873 -19997.997912440413
-20003.474659133994 14.124498686684873 14.124498686684873 -19997.997912440413
-20003.474659133994 14.124498686684873 14.124498686684873 -19997.997912440413
-20003.474659133994 14.124498686684873 14.124498686684873 -19997.997912440413
-20003.474659133994 14.124498686684873 14.124498686684873 -19997.997912440413
-20003.474659133994 14.124498686684873 14.124498686684873 -19997.997912440413
-20003.474659133994 14.124498686684873 14.124498686684873 -19997.997912440413
-20003.474659133994 14.124498686684873 14.124498686684873 -19997.997912440413
-20003.474659133994 14.124498686684873 14.124498686684873 -19997.997912440413
-20003.474659133994 14.124498686684873 14.124498686684873 -19997.997912440413
-20003.474659133994 14.124498686684873 14.124498686684873 -19997.997912440413
-20003.474659133994 14.124498686684873 14.124498686684873 -19997.997912440413
-20003.474659133994 14.124498686684873 14.124498686684873 -19997.997912440413
-20003.474659133994 14.124498686684873 14.124498686684873 -19997.997912440413
-20003.474659133994 14.124498686684873 14.124498686684873 -19997.997912440413
-20003.474659133994 14.124498686684873 14.124498686684873 -19997.997912440413
-20003.474659133994 14.124498686684873 14.124498686684873 -19997.997912440413
-20003.474659133994 14.124498686684873 14.124498686684873 -19997.997912440413
-20003.474659133994 14.124498686684873 14.124498686684873 -19997.997912440413
-20003.474659133994 14.124498686684873 14.124498686684873 -19997.997912440413
-20003.474659133994 14.124498686684873 14.124498686684873 -19997.997912440413
-20003.474659133994 14.124498686684873 14.124498686684873 -19997.997912440413
-20003.474659133994 14.124498686684873 14.124498686684873 -19997.997912440413
-20003.474659133994 14.124498686684873 14.124498686684873 -19997.997912440413
-20003.474659133994 14.124498686684873 14.124498686684873 -19997.997912440413
-20003.474659133994 14.124498686684873 14.124498686684873 -19997.997912440413
-20003.474659133994 14.124498686684873 14.124498686684873 -19997.997912440413
-20003.474659133994 14.124498686684873 14.124498686684873 -19997.997912440413
-20003.474659133994 14.124498686684873 14.124498686684873 -19997.997912440413
-20003.474659133994 14.124498686684873 14.124498686684873 -19997.997912440413
-20003.474659133994 14.124498686684873 14.124498686684873 -19997.997912440413
-20003.474659133994 14.124498686684873 14.124498686684873 -19997.997912440413
-20003.474659133994 14.124498686684873 14.124498686684873 -19997.997912440413
-20003.474659133994 14.124498686684873 14.124498686684873 -19997.997912440413
-20003.474659133994 14.124498686684873 14.124498686684873 -19997.997912440413
-20003.474659133994 14.124498686684873 14.124498686684873 -19997.997912440413
-20003.474659133994 14.124498686684873 14.124498686684873 -19997.997912440413
-20003.474659133994 14.124498686684873 14.124498686684873 -19997.997912440413
-20003.474659133994 14.124498686684873 14.124498686684873 -19997.997912440413
-20003.474659133994 14.124498686684873 14.124498686684873 -19997.997912440413
-20003.474659133994 14.124498686684873 14.124498686684873 -19997.997912440413
-20003.474659133994 14.124498686684873 14.124498686684873 -19997.997912440413
-20003.474659133994 14.124498686684873 14.124498686684873 -19997.997912440413
-20003.474659133994 14.124498686684873 14.124498686684873 -19997.997912440413
-20003.474659133994 14.124498686684873 14.124498686684873 -19997.997912440413
-20003.474659133994 14.124498686684873 14.124498686684873 -19997.997912440413
-20003.474659133994 14.124498686684873 14.124498686684873 -19997.997912440413
-20003.474659133994 14.124498686684873 14.124498686684873 -19997.997912440413
-20003.474659133994 14.124498686684873 14.124498686684873 -19997.997912440413
-20003.474659133994 14.124498686684873 14.124498686684873 -19997.997912440413
-20003.474659133994 14.124498686684873 14.124498686684873 -19997.997912440413
-20003.474659133994 14.124498686684873 14.124498686684873 -19997.997912440413
-20003.474659133994 14.124498686684873 14.124498686684873 -19997.997912440413
-20003.474659133994 14.124498686684873 14.124498686684873 -19997.997912440413
-20003.474659133994 14.124498686684873 14.124498686684873 -19997.997912440413
-20003.474659133994 14.124498686684873 14.124498686684873 -19997.997912440413
-20003.474659133994 14.124498686684873 14.124498686684873 -19997.997912440413
