sig 254
-25203.71778704042 1560.5918825120893 1560.5918825120893 -38517.258537931404
-22639.243557749567 785.8945064273328 785.8945064273328 -38947.05924684497
-20595.777501419423 58.59499228002203 58.59499228002203 -20141.23387309966
-20032.227594645177 267.3045737330987 267.3045737330987 -20142.99340049046
-20341.60160046872 -46.9532765988243 -46.9532765988243 -19940.695225340813
-20481.94227343743 7.211893484927019 7.211893484927019 -19939.344630992386
-29956.482447666127 360.55148438690117 360.55148438690117 -53556.220621296656
-30274.601970109623 328.1523636499581 328.1523636499581 -53420.95115144907
-37923.26206329079 -11.318706793652487 -11.318706793652487 -74453.61438132843
-74795.02077010153 28561.421309694444 28561.421309694444 -65819.77626771225
-45784.64015887264 12120.287485181216 12120.287485181216 -96140.87886979045
-21089.529472401973 2940.90982821367 2940.90982821367 -22111.656249300977
-17254.49735812742 1146.798895386957 1146.798895386957 -21176.40971516917
-26318.91399345277 1602.067495358165 1602.067495358165 -19651.89002546628
-27171.557956887664 9733.562031684749 9733.562031684749 -45724.69946449036
-26155.93836823587 7231.1043959996605 7231.1043959996605 -49739.62079114946
-29674.03791824402 10669.855087767324 10669.855087767324 -51018.56925304978
-27378.086413686447 7897.103504770473 7897.103504770473 -50962.110680787315
-26375.107147387556 8729.15896854967 8729.15896854967 -47923.78932981137
-28458.756340939126 6847.318669782026 6847.318669782026 -56124.50859520538
-22860.71956554776 2498.383225419341 2498.383225419341 -36782.78491773248
-22950.966884843725 3608.788392828784 3608.788392828784 -36687.06901795882
-24139.940428916285 3574.7945518602987 3574.7945518602987 -34301.13727916818
-23267.492385263195 5030.9728632952665 5030.9728632952665 -31619.488173626374
-22578.860534816904 3734.6882524569314 3734.6882524569314 -28669.83255856431
-23666.838593259075 4005.386087795787 4005.386087795787 -32823.905827438764
-23618.639357847773 4734.796679369572 4734.796679369572 -27295.91135919087
-21255.042575014057 3100.1144352691135 3100.1144352691135 -24532.719905746966
-23068.860542786846 3472.8919527656235 3472.8919527656235 -23810.195638856636
-20528.05352975459 2190.838287377457 2190.838287377457 -22013.168882440474
-20187.437314783634 1380.4301807011534 1380.4301807011534 -20790.866155222062
-22180.418109472113 2156.9433407889173 2156.9433407889173 -21780.352788872526
-21403.401065046128 1222.26181986691 1222.26181986691 -20789.3256880773
-20074.15630355226 700.6797116490353 700.6797116490353 -20313.154592803818
-20903.096616446666 536.8706249343732 536.8706249343732 -20363.909651845664
-21178.933373490672 57.76743203392424 57.76743203392424 -19877.764145271747
-20874.585863579086 193.60307235482617 193.60307235482617 -19931.765302788208
-20970.694044082844 20.4986456817739 20.4986456817739 -19832.75696687894
-21107.22467091317 -7.096898206671814 -7.096898206671814 -19781.224172061357
-20808.706575407272 -116.13465029522257 -116.13465029522257 -19865.48824936051
-20191.32634283529 -108.21403637578588 -108.21403637578588 -19968.809061599222
-20518.802060024867 -62.057859605766126 -62.057859605766126 -19943.434490391774
-19865.167237261692 -161.685157616609 -161.685157616609 -20018.773668118272
-20407.16639000379 -121.0102157680048 -121.0102157680048 -19936.359181852808
-19483.820061435235 -185.6644172844596 -185.6644172844596 -20086.94167893529
-20219.801603746757 -157.35947794851364 -157.35947794851364 -19929.242713893804
-18726.42624745693 -243.9985736278602 -243.9985736278602 -20227.700128137454
-20025.174040011876 -188.96031117643827 -188.96031117643827 -19949.98799636921
-18013.953531474606 -207.63559372142865 -207.63559372142865 -20267.542963592874
-19854.16725429016 -158.9546038165709 -158.9546038165709 -19963.913412099308
-19574.434798290327 -133.7400600174821 -133.7400600174821 -19981.28123826007
-17321.37386799548 -168.5942345540892 -168.5942345540892 -20280.47767741262
-16821.057725722698 -86.96714514148104 -86.96714514148104 -20283.23930580431
-19530.35694574271 -168.38433248101444 -168.38433248101444 -20009.081145766846
-16257.159486384386 18.594253926749786 18.594253926749786 -20389.15849216898
-19572.864594756546 -75.98314721728116 -75.98314721728116 -19983.477996440648
-19536.934084770543 149.82018773803543 149.82018773803543 -19907.97469579243
-16167.46860914357 -3.9627221302293814 -3.9627221302293814 -20330.070800130452
-16034.63170612631 139.47708544174156 139.47708544174156 -20286.331589170924
-20438.834832582026 459.4552845385475 459.4552845385475 -19954.6759667649
-16037.800492786939 446.490860316982 446.490860316982 -20758.670070751905
-20762.380063268054 431.66182845735887 431.66182845735887 -19759.29954900654
-22631.979929531255 672.693301541614 672.693301541614 -19509.490164284816
-32099.332453691284 8678.649533505431 8678.649533505431 -27730.487298697
-30352.38268091988 3986.3579306480297 3986.3579306480297 -20036.894026819828
-31619.507767126808 9141.190018087367 9141.190018087367 -21322.145776740683
-34486.0693536908 3844.5616949043824 3844.5616949043824 -66749.89760599191
-33076.585403500096 731.0891976653461 731.0891976653461 -61815.49165241283
-31162.367213998747 656.3539704817526 656.3539704817526 -56670.22429180057
-32417.12594104382 2220.220026454214 2220.220026454214 -59302.68391001831
-30999.353993965222 1337.7936548582309 1337.7936548582309 -55613.94037947772
-30224.17465253311 535.3330723099609 535.3330723099609 -54316.67029395262
-30507.565899949524 703.0021717641182 703.0021717641182 -54133.231386951134
-29625.303018519986 353.26334420053325 353.26334420053325 -53113.212464304896
-30104.95476384659 64.99067207585203 64.99067207585203 -53468.13160423579
-28936.40820687892 -163.8790694993089 -163.8790694993089 -53553.55415746783
-27955.210097949206 530.7683864042665 530.7683864042665 -52843.33943293946
-25821.577219729024 833.1493432782986 833.1493432782986 -51597.68212175581
-27112.13795920844 -150.75718757102044 -150.75718757102044 -53200.65313928474
-25103.098363726524 377.24774248456026 377.24774248456026 -51485.38551226136
-23911.40478377588 1166.3060982150628 1166.3060982150628 -49388.59107807811
-23310.98548516085 810.644273297869 810.644273297869 -48301.762764437706
-22572.621001600994 1206.267992908866 1206.267992908866 -46637.6500304242
-21992.40638496807 1036.7892251755056 1036.7892251755056 -44907.7275867088
-21685.127996065898 1039.018540292318 1039.018540292318 -43930.77015734464
-21425.56616194363 929.4135147546112 929.4135147546112 -41451.6676311544
-21318.709324230593 1188.5368225392103 1188.5368225392103 -42079.14885084981
-22100.51356085775 1211.998975435321 1211.998975435321 -40195.80227884962
-20568.563828696384 856.3580875891328 856.3580875891328 -20658.544789607855
-24385.9617098261 3564.2166023829623 3564.2166023829623 -22235.273397125613
-20586.298781338595 1699.4868509063936 1699.4868509063936 -20631.740163957715
-21667.2157514044 2995.5631508438164 2995.5631508438164 -41703.15225369577
-22130.892307702856 3326.8300266875103 3326.8300266875103 -43922.276160291134
-21834.771544203228 2794.7566908417703 2794.7566908417703 -42002.990719691064
-19622.06852496601 -18.920038098976892 -18.920038098976892 -20472.70865338328
-19571.48446607471 -145.4806868976056 -145.4806868976056 -20312.112963356045
-21791.368542430075 168.72002743007317 168.72002743007317 -19875.01362896159
-19925.499828588385 -325.7949024733517 -325.7949024733517 -20213.884190705394
-20050.99863018186 -297.46749907687615 -297.46749907687615 -20032.46285427924
-21188.677043491647 -493.0855653119966 -493.0855653119966 -19841.914280650875
-20413.28881048027 -196.13245334471452 -196.13245334471452 -19897.379981429905
-21116.203405620476 -257.34250358188785 -257.34250358188785 -19797.705913024573
-20260.49766333868 -296.23923285071305 -296.23923285071305 -19988.943850607764
-27308.95821507059 6392.987964812908 6392.987964812908 -24533.6359305979
-26530.58158780471 4029.4909085617383 4029.4909085617383 -20566.049618679095
-23040.3029577965 3423.8923590961945 3423.8923590961945 -22709.361462456687
-22896.666535019718 3143.372726612929 3143.372726612929 -24965.65502242025
-24548.136012575917 5127.179355674789 5127.179355674789 -28739.904029531695
-22839.149341312663 3986.8117516920465 3986.8117516920465 -30679.29125437782
-30889.571136776263 -189.7953450097889 -189.7953450097889 -55394.77448034871
-29800.92604344404 1013.8511788040369 1013.8511788040369 -55884.77150096454
-32148.39706364032 -273.3598012018733 -273.3598012018733 -58907.10116357949
-24964.89867758369 1830.4376393123612 1830.4376393123612 -50515.1844934498
-24505.04530742437 2540.2311767607007 2540.2311767607007 -50558.21363201401
-23116.12152430416 3314.451128517152 3314.451128517152 -46799.711158893035
-23809.669200829572 2884.0357394118337 2884.0357394118337 -48413.43472593654
-22475.744616130098 1985.2856257707115 1985.2856257707115 -21948.871280019437
-23226.625334404074 2028.014907343314 2028.014907343314 -21815.561141823255
-21872.021420500194 1119.8317115413533 1119.8317115413533 -20527.3071457273
-47910.93232691914 19441.306491336625 19441.306491336625 -49180.11078325723
-29323.86067715883 10381.974694696604 10381.974694696604 -26809.012027164892
-34109.959425718516 10974.38156922281 10974.38156922281 -30607.626743134922
-29286.0618096124 388.5673097864752 388.5673097864752 -53650.75770087813
-26893.11271525902 1004.1434738510866 1004.1434738510866 -52727.12119620106
-28234.0447325147 -79.50492042269244 -79.50492042269244 -54926.07694069572
-28574.70860113782 9866.489886588613 9866.489886588613 -54390.84377228033
-33593.45520828828 6108.135599632806 6108.135599632806 -71265.86771744966
-33098.59050654887 235.4641971862319 235.4641971862319 -64237.50344563399
-21222.537804203024 561.0209233798926 561.0209233798926 -19948.10654609992
-21450.2783249096 476.78764775668697 476.78764775668697 -20060.520227670062
-20913.343418349094 264.9733989674486 264.9733989674486 -19905.516628689864
-21078.694437583556 -176.066458042999 -176.066458042999 -19820.46875715102
-20505.39024366066 -93.28436841489514 -93.28436841489514 -19880.124658875757
-20963.39308924528 -79.38417847184711 -79.38417847184711 -19805.52696355091
-21358.081916074796 58.064562052005435 58.064562052005435 -19836.772465219827
-29618.287056770052 238.49783248778118 238.49783248778118 -54337.33062560429
-30539.56099617468 181.39067906186074 181.39067906186074 -53689.00950925781
-27757.064433533553 1237.5195032333213 1237.5195032333213 -53986.0567681805
-29887.055884757265 -94.74419377084669 -94.74419377084669 -58374.188612490296
-27656.843007219155 1062.2273864542824 1062.2273864542824 -56669.35808715135
-26375.833320407477 664.0012919601998 664.0012919601998 -53751.07190574463
-25335.73849404843 2619.651866115018 2619.651866115018 -51392.361637470094
-29258.153084187234 1798.1986318919899 1798.1986318919899 -60865.51886898674
-28782.590791182596 1784.2261341518688 1784.2261341518688 -56717.47733001599
-25864.800545934242 3771.6018955832888 3771.6018955832888 -52561.793276811935
-27131.217893212317 4649.926088332801 4649.926088332801 -55190.222500610726
-25757.81878692859 2824.9893446096967 2824.9893446096967 -52820.80914674443
-24783.38598470705 5590.924901133312 5590.924901133312 -48620.28653032467
-24077.075152634312 4008.060303366944 4008.060303366944 -48426.0752878169
-25849.99424419 6211.5726642875325 6211.5726642875325 -49988.630792502845
-24851.37591533296 4475.510418608297 4475.510418608297 -49519.26097799317
-23814.680301272943 6586.458975189211 6586.458975189211 -44237.43915827282
-24087.93239048243 3427.2537770745566 3427.2537770745566 -24315.598007632674
-23438.029628712917 2100.001256760023 2100.001256760023 -22445.447045257024
-23579.13270955476 3989.5399072012806 3989.5399072012806 -25600.66161837622
-24909.931895077614 4167.387767960989 4167.387767960989 -25317.037761778676
-25279.02461158139 6003.218503637909 6003.218503637909 -30380.465045884706
-23495.182863134192 5421.501802806961 5421.501802806961 -34776.9790973932
-22996.552174564196 5372.867386119389 5372.867386119389 -33137.837343933934
-23357.941246892882 5571.936086532404 5571.936086532404 -29866.351356037587
-23908.896869199558 4731.580885250445 4731.580885250445 -26095.35319791426
-25929.66371093178 4936.173109889151 4936.173109889151 -24820.804337597263
-24118.285672584527 2659.7195698102296 2659.7195698102296 -23201.321399955177
-24260.6043676319 2457.786143581511 2457.786143581511 -21975.31970824953
-26323.49860006439 7475.080584989085 7475.080584989085 -31056.929871559016
-23939.032048325273 6840.427218354984 6840.427218354984 -31056.45935981771
-25126.589940214282 7141.8218582652225 7141.8218582652225 -35260.285219693345
-24040.713836135263 2079.196846050838 2079.196846050838 -21768.24119967111
-23080.33826984335 655.784815095255 655.784815095255 -20649.477834509562
-24018.551723172768 2325.1357053887314 2325.1357053887314 -22478.092154082507
-24640.452374308337 6029.631981908473 6029.631981908473 -25734.7989996449
-26423.770987629116 5835.753429513612 5835.753429513612 -26211.53019018675
-24026.715692155725 3131.152974894594 3131.152974894594 -22216.690606159733
-24548.05653275385 8172.630195936056 8172.630195936056 -31992.521433584043
-26149.296729958794 8749.725624963898 8749.725624963898 -36961.12752836384
-28069.612209786636 8999.584638423257 8999.584638423257 -32435.27808542426
-23627.76970835867 6794.878426812886 6794.878426812886 -38792.55278901874
-22809.834856522077 5735.3768323624645 5735.3768323624645 -35531.17325471326
-23685.113008298395 6907.974184302038 6907.974184302038 -39015.07879509841
-25589.25480019808 7490.308617027158 7490.308617027158 -45725.48733877413
-28003.369916296357 10292.413930818682 10292.413930818682 -40396.760594021514
-23838.289219153758 7226.299655527511 7226.299655527511 -41216.68888244739
-24351.653157817043 8378.89347340547 8378.89347340547 -38652.269552635684
-22930.82419147668 5472.417497133745 5472.417497133745 -43092.2861855418
-23749.290859343142 5287.708727718149 5287.708727718149 -45521.70454320826
-22396.21227550067 4827.573119005505 4827.573119005505 -40755.34710549717
-30006.52880073049 10035.564005847165 10035.564005847165 -32350.950284697417
-25506.486510086026 6998.151570644857 6998.151570644857 -25044.078984107644
-24974.34025708473 8955.828570494345 8955.828570494345 -31146.722596696112
-22355.33029552278 4930.278890974864 4930.278890974864 -40688.471523765125
-22980.507211849243 6019.794456689322 6019.794456689322 -36278.50827787257
-21969.849079827487 4420.86586489197 4420.86586489197 -37654.55850181722
-22587.43266682908 3981.1948887776252 3981.1948887776252 -35952.596757848965
-22287.28419546463 4170.435564104572 4170.435564104572 -34987.26636171178
-24656.028528427632 3577.7533009330655 3577.7533009330655 -21845.867970594933
-26796.94126647559 6618.437947316217 6618.437947316217 -26578.528086887578
-22703.230311936542 990.1700836768945 990.1700836768945 -20428.46304132615
-24452.633570991897 2937.813592193261 2937.813592193261 -22357.721670857165
-24377.37947958121 3525.826560705022 3525.826560705022 -22867.492092504428
-23478.39920771865 1115.7214466462901 1115.7214466462901 -20496.428159185856
-24608.51717126128 2823.2412415076733 2823.2412415076733 -22180.865071863504
-26428.613028781405 7674.772113697044 7674.772113697044 -24743.974372288172
-25554.266547419116 3713.949178680531 3713.949178680531 -20999.866540597
-28977.094128615325 7304.513997037724 7304.513997037724 -24893.82150675018
-25431.607750620085 4223.514320173041 4223.514320173041 -22962.883228581402
-30844.238866815886 12187.640686987826 12187.640686987826 -41472.79948759556
-26895.14404249785 10352.02795531054 10352.02795531054 -31217.85710166769
-33000.281765640604 11447.433071897118 11447.433071897118 -33322.425561037424
-27427.94167694706 9136.026602579685 9136.026602579685 -46735.59502023576
-25858.98893199655 9122.135095796546 9122.135095796546 -42028.79749202754
-22651.264806993004 767.90156146826 767.90156146826 -20828.933782117358
-22761.20688289674 749.4953128472173 749.4953128472173 -20562.302107599615
-22126.285056166056 259.8090682008952 259.8090682008952 -19838.589826476124
-22091.781272862387 1035.6143383916133 1035.6143383916133 -20617.58601188954
-21814.72240207681 172.7009907061996 172.7009907061996 -20040.036579463336
-22737.206585696535 830.887528312317 830.887528312317 -20396.914300344342
-22167.51548276084 -226.94576556115786 -226.94576556115786 -19980.86483736162
-22580.573168945753 871.1604599325649 871.1604599325649 -20679.99313034407
-22584.66808308818 839.7213472016406 839.7213472016406 -20548.91699248135
-21384.882371209613 118.03263463489905 118.03263463489905 -19999.091831946156
-21103.067717458074 -352.39090341330257 -352.39090341330257 -20044.71122404616
-21987.20267575827 -24.916366378832997 -24.916366378832997 -19910.415814281678
-21600.514003965167 -340.22668401287376 -340.22668401287376 -19972.918880472913
-22860.896582806792 1343.3020135357401 1343.3020135357401 -20981.555922174535
-23155.30234454541 818.8024892871244 818.8024892871244 -20247.681407055752
-21334.71554823516 427.02872521526604 427.02872521526604 -20711.58373195297
-21378.7664352532 80.63255630451067 80.63255630451067 -19754.06669758892
-21512.397324879774 212.811654344188 212.811654344188 -19990.132242189404
-22625.76193007239 3034.6945244940316 3034.6945244940316 -45147.20004043256
-22164.023553800434 2322.321247561994 2322.321247561994 -40010.83175435597
-21436.410334474167 2801.4453116585473 2801.4453116585473 -38971.978649816614
-23266.6749121529 1482.9170985066735 1482.9170985066735 -20031.54212157787
-21188.50688317024 -2.1479667270558362 -2.1479667270558362 -19905.027174711966
-19639.281298916714 -313.0996085521152 -313.0996085521152 -20155.49058500896
-22451.537782430536 1213.3053137839647 1213.3053137839647 -20269.357019294413
-19515.36268333647 340.8884203076419 340.8884203076419 -21064.205962972446
-21546.199631104424 -62.23339567551662 -62.23339567551662 -19727.57681986014
-21104.00522994204 -216.81589728076844 -216.81589728076844 -19834.148295689636
-20954.317169631187 -251.9313316461007 -251.9313316461007 -19843.712827842108
-24852.98191140262 7810.983059837937 7810.983059837937 -44350.93124417399
-21211.233444168396 -238.17702124411215 -238.17702124411215 -19811.447926230267
-34480.63023990632 12783.483083481551 12783.483083481551 -60360.49834240621
-36558.811770174194 14836.590020792813 14836.590020792813 -45481.59025004587
-28533.9746866411 11115.04578389324 11115.04578389324 -43719.08714838019
-29994.55777752174 11624.205279769849 11624.205279769849 -49623.366123326494
-21938.3569183198 1038.1337664509317 1038.1337664509317 -21004.083113219065
-28320.61561662204 7203.6239520980835 7203.6239520980835 -22516.857039225408
-22240.018047577385 4306.238305743821 4306.238305743821 -38478.43936731014
-27144.12806058744 6761.944368644206 6761.944368644206 -54164.749842326346
-30812.355255361774 9271.116190237888 9271.116190237888 -59780.92256425035
-28022.90088312093 6416.033952919628 6416.033952919628 -56307.603003191376
-30518.937456611224 1229.7134810397374 1229.7134810397374 -61157.56583755785
-25615.240191709923 3024.47922218587 3024.47922218587 -20590.77709549849
-23420.799420112267 5072.035645502379 5072.035645502379 -45787.339699536846
D 254
38890023.56012073 -656531.1479849527 5701952.443384225 17137747.69588794 -203142.5156517525 41192433.48513039
37601532.43500994 -441909.61151277274 5623677.517201464 16850471.095112994 -87803.94330807292 40965461.05759542
39215675.59285056 -573611.6489803385 5665732.125607222 17018224.12006122 -152738.80703474235 40272795.991931304
39216509.498601474 -573327.803061475 5665757.2350865295 17018266.17688348 -152451.75394186165 40272047.43756989
39214099.69884755 -568513.5785338838 5664142.004018866 17001131.981244758 -138251.39281062252 40153536.05267923
39213899.102085344 -568451.6548144931 5664140.909154696 17001128.644136578 -138185.80499066124 40153720.86769276
38088962.75140581 -545858.5841551712 5676725.819855664 16998823.544177867 -156546.6986008644 41134367.31373125
38377357.81370269 -576351.4251662781 5703571.015984642 17073967.93062256 -164678.30009030702 41178675.38101077
38073191.2337346 -567968.5525849158 5666937.711398738 16979140.6619721 -166172.7063309108 41090556.86170321
37718335.70361811 -2002699.3300690996 5203121.667799693 15786001.142301407 -1759366.127376162 36538456.468658134
35334173.03972474 -1090365.5866363754 5504923.804055077 16359547.753660668 -602436.4485223365 40492970.8340197
38812652.39425887 -899477.7843322874 5579487.066090162 16809201.489542354 -409890.78506479046 39866088.607461736
36612076.12518704 -763429.355246052 5464949.367157806 16372185.115716767 -318285.52287094464 39715910.99367834
39110583.0217552 -751134.2103403015 5603241.276223875 16723057.411759602 -383414.04565870634 38641463.42080141
35648919.437467866 -1536968.2407765554 5373579.355218617 16144655.65928456 -872605.3647830971 39772532.06422484
34076910.52378045 -1294468.6857231546 5351586.6931486325 15932095.287209127 -718382.1796564376 39863984.70633561
35932640.011354 -1479953.0989776393 5408744.338414993 16240118.334431667 -845251.2407792117 39900863.081237964
34992973.30806819 -1347580.7110843738 5409569.756700455 16170670.246688427 -696701.4050162734 40276690.95627747
34112819.99669976 -1473746.5314862411 5331179.544795947 15879216.645811316 -833567.316332766 39609117.533276565
34879619.49310001 -1124854.561757418 5414094.907133229 16147379.248087583 -586347.4434895895 40158465.30771454
37978453.22047425 -832041.3156747345 5577082.935317546 16797748.698288202 -335031.3227256933 40632706.922214724
37789905.12607296 -936155.7905804391 5589489.133119932 16793162.05527598 -386030.145899011 40660499.884365246
38811495.168250576 -721025.2495195776 5656354.4051238 17011447.459219743 -270401.58092402277 40716540.3433496
38203510.58442018 -878027.4427706714 5600659.411293037 16855402.505528424 -368328.513496594 40633115.17352254
38980410.56832714 -901930.8009864338 5602486.6482875785 16917584.698398348 -443810.7326179495 40335400.38275985
38927778.173717044 -688446.0821470871 5672887.5743728215 17052556.774024278 -237458.28278001564 40763800.15457585
38943244.63058775 -892276.7658731794 5607594.814884388 16920881.708053965 -435259.21095192165 40347860.60389251
38822807.06380043 -901544.9480988084 5584834.1942472765 16863853.959531248 -418096.5607137696 40239682.3967569
39089215.4230589 -816055.333126621 5613417.64399403 16941363.555029076 -361280.6402855917 40307516.28866138
39009321.94375779 -844284.2649650775 5601314.598067728 16880573.627268154 -388170.4699442784 40022120.80151638
39217122.45345357 -763387.8083994775 5630875.188967523 16948895.73631639 -340065.7325754931 40065291.24224912
39378571.132631585 -652168.6019209325 5686251.603056314 17069833.51266719 -208401.88994584084 40317580.66428819
39340236.319034666 -692245.8765627892 5664033.674001029 17018757.58009182 -272675.50439014373 40169487.3189086
39033971.31060455 -694254.1877928319 5605120.707628266 16886728.345269963 -292036.5734827385 40008648.13252718
39325467.440844305 -600065.3443920867 5671573.098342016 17040161.858566504 -163737.04856311023 40280096.254454695
39336965.76976657 -589467.8099273938 5674037.542195937 17007854.70619388 -150811.54664836804 39985496.387329884
39212957.54489846 -571541.3292408619 5663695.580164783 16976891.28627105 -147802.5894523427 39965216.856260784
39227345.05709571 -562449.7376248438 5668208.092393737 16985933.914865006 -139234.01060011087 39978045.233901866
39336920.026123784 -589550.5781760381 5674034.121677789 17007846.275706217 -150895.4293914775 39985508.89347402
39227602.17903249 -562621.2030927093 5668207.153113426 16985933.185143474 -139408.60109884792 39977791.68569074
39214349.48029499 -568584.5417436457 5664143.963213023 17001137.74487001 -138327.329432327 40153312.79881248
39213845.47887859 -568539.805383747 5664136.651969617 17001122.368986238 -138276.52465968233 40153766.8304511
39158126.55136627 -530465.3932724344 5642729.621415005 16971824.51412468 -103568.28696956529 40189173.28357577
39213992.87190768 -568608.7229155849 5664136.437712723 17001123.17314452 -138348.73296149977 40153628.02422099
38935117.3871786 -475279.1611097295 5630808.42868923 16927141.430288713 -79812.90293892947 40173929.59457203
39214251.59747962 -568646.333763465 5664139.339951231 17001129.29932603 -138389.4838474262 40153389.311983794
37982474.110824786 -342625.614614793 5542621.331744179 16670561.952638144 42966.975719389215 39955808.08948324
39156132.058863044 -525289.2731687418 5641136.876876513 16954728.98212302 -88998.93422723579 40070330.94769478
37632485.823425196 -403755.86843854544 5524605.9281207975 16586697.450145151 -34064.18570306618 39815034.419222035
39156399.97665386 -525244.9965736542 5641143.386853387 16954740.87984546 -88955.99706147554 40070093.13331001
39057001.12520015 -507194.62151188636 5638089.622729418 16952647.737509556 -93861.05209017276 40183284.4512671
36725917.28500836 -362200.9941867749 5454164.516684767 16365563.665427564 -11412.094009039269 39656946.79908217
36049498.195241794 -373115.3161033816 5382738.46455483 16172859.501428595 -35803.63682638162 39505993.09701617
38934949.212766565 -475257.96863508003 5630805.278612443 16927133.567402128 -79787.44051918155 40174066.4081176
35876842.990538605 -410868.6485359432 5372307.2681404045 16135976.561651604 -55501.854846447204 39487896.7477839
38999580.9533184 -529247.7961485098 5630876.100199452 16935032.119361237 -106320.32673135531 40171914.92460962
38999998.83317935 -622448.3267167968 5626401.927647693 16919727.721403975 -227941.3390835658 40093803.534379795
35855254.76489015 -398220.496752276 5366480.11911063 16124173.285211843 -44658.62189423138 39473330.25841496
35855404.57382066 -397970.69308922655 5366476.846311352 16124155.915342731 -44391.373863245775 39473074.213139735
39177418.84692607 -614846.1178653719 5643119.043964219 16943036.6456379 -224660.13358157783 39935683.45119512
35810190.762143515 -505026.10195531615 5361943.384422925 16097739.033309188 -101558.19268400889 39352287.57966065
39175075.29624728 -609649.4017071706 5641523.949845636 16925945.34580172 -210088.07461849728 39817247.81632487
39386260.82952396 -646201.8282076666 5688423.697249204 16999136.750037022 -206151.77195049747 39722596.11206421
38780501.547175884 -1077855.001887798 5515267.116303949 16645572.93321408 -696977.0557918616 39231410.45208007
38953290.33314564 -895200.4795885806 5545565.013124393 16447264.82531045 -576660.9934165311 37169178.00895156
37365519.673865125 -1837947.8255333907 5044254.109676164 15225616.601598691 -1776975.6792437842 33996871.68401999
37800089.21315823 -655057.9458568456 5654108.311050435 16930907.169806685 -226489.1562109353 41106084.94893083
38086982.737089306 -569788.779025489 5666644.413872687 16982453.294791043 -166261.86401595615 41106199.394867845
38074086.82686166 -533225.9245819476 5671312.2867610315 16988073.901220802 -145732.2668512636 41117381.42406207
38382357.8310648 -621953.7579585211 5675653.661412707 17032385.57850525 -184802.33512564993 41120190.098386444
38238834.98733495 -614072.1171590701 5695371.694316561 17045006.798236232 -182890.7376731444 41167502.369886085
38023477.76477384 -511105.2730503465 5662401.169088086 16968854.073481362 -130538.21527771656 41103343.042341776
38425204.61443345 -597927.9545560596 5712379.858994417 17092966.406730097 -179341.5403966099 41194727.9608207
38022078.88990557 -511459.8929980493 5662355.8625973575 16968724.515825942 -130908.24836876882 41104158.520558685
38088320.40796438 -546463.4456365738 5676727.014254328 16998832.936012283 -157159.46364650817 41135072.84722108
37773007.1065965 -501272.44539393176 5654339.016310658 16925938.74582323 -127091.69162701609 41091112.60332034
37476753.797998644 -474785.9665771984 5639294.2285684645 16867250.676589 -117068.1722489238 41068309.240469284
36917578.78512842 -519222.4772601539 5568607.294985697 16671433.030131696 -156426.9369898559 40767812.4124746
37216995.34484701 -426860.4320034638 5544239.607337545 16670900.189160747 -95174.50239501068 40707810.00396504
35613065.28777126 -384791.27992848324 5490546.795235437 16387825.698893804 -44131.42315969727 40584072.262693
35276560.72652302 -470608.4062217079 5476999.61515791 16322659.635815158 -90980.14621596946 40534720.11951936
35149256.70213395 -402389.2418592697 5475643.942109077 16305115.05571845 -61285.18998775637 40535224.22885268
34870558.49917089 -430933.9095145108 5454211.320224632 16221666.817269333 -80724.02584947471 40360662.740541756
35006638.04039956 -409325.99706013856 5444568.58525092 16220436.925002683 -32932.494945388346 40311171.41438512
35389733.29370443 -464233.51478522684 5476289.534703257 16322168.494787697 -76119.01030971602 40424719.217571475
35985691.46399864 -457484.6958482138 5499526.574800074 16433770.749898905 -94708.87055501448 40489208.70607568
35615126.977603026 -571757.9308963354 5498340.441492987 16385336.442582885 -180067.1217380415 40484160.05381306
36647903.682769306 -517437.743372097 5573475.034640042 16661173.541334866 -131241.97973803547 40906734.20832289
39283659.49405159 -714937.8998404915 5656808.155512973 17001094.065173574 -285777.37850544817 40157011.07731514
39282705.524337746 -761838.6021114358 5634660.909142248 16938757.437107835 -331119.3005348537 39880744.58264276
39103833.989487946 -828054.8755963831 5601081.5164659675 16888483.219892476 -394965.2016151781 39993216.36292327
35583976.072689585 -749182.7344962994 5501502.873255216 16378894.794556977 -296898.1177345918 40432153.451911986
35078616.90628865 -662676.4901678656 5430281.604744946 16199037.118447745 -210172.79216128818 40210863.889095224
35766602.56047164 -692939.5617708132 5485913.554866764 16370922.628015403 -236838.32814305942 40341642.81904788
39116016.808427304 -550453.2471093967 5661118.61220131 16999106.981181502 -143167.22399209795 40265652.71106536
38993719.15393307 -518627.0889576423 5653823.38528534 16973570.248999584 -129201.71590181708 40256608.79433254
39408795.33953842 -632368.565432428 5693981.465590681 17048162.30760673 -188106.27596437637 40036688.393864505
39071445.27435221 -498138.5674814803 5642598.753897852 16961692.268822003 -85336.92857233444 40196105.07522229
39170854.26512846 -516113.024070592 5645653.437613265 16963781.895143572 -80349.2204180733 40082866.323938325
39168640.254788555 -519740.4307105159 5645201.105284477 16939540.428240173 -90507.41606719111 39895671.96485415
39228585.318771675 -559387.7208927309 5668651.038240551 17010168.797252133 -129648.6290489379 40166254.50141004
39227105.6475074 -562814.3494767621 5668210.6997025935 16985950.698764227 -139614.26813357722 39978392.85199915
39170494.17759454 -516119.3548804123 5645646.4583229525 16963767.684255835 -80351.28000736552 40083182.484423704
38970029.613529816 -958387.9213771336 5572539.098139212 16798853.858865377 -516195.6864158596 39695409.991609775
39061576.07982442 -884060.3163820768 5561745.388722922 16661401.622579115 -558443.1800480234 38612182.80148572
39229062.36011618 -753844.6084015169 5634764.100298507 16956198.988678046 -324391.72056296864 40072888.2801336
39111261.58185472 -753488.9761152471 5650180.524761626 17012220.852085643 -275640.7084308409 40484699.71311998
38944723.13870078 -890516.0855927137 5607738.226796156 16931834.53467086 -431304.52443038713 40432570.61890938
38504621.980567634 -855837.8246086942 5609877.403060313 16891197.111674108 -360661.90966592793 40526180.74522499
38212170.41295419 -571734.3352999199 5681253.048006738 17020337.37580648 -167545.39716557675 41137998.02148173
37571212.84653253 -501121.49475021934 5646461.831812419 16889027.984672822 -129035.87900770608 41076392.627589494
38014440.06640563 -475551.64659928763 5657750.398337285 16960577.94391044 -117735.8250358567 41092679.41054872
35878796.143910356 -557217.933287266 5524767.387570856 16472123.484602338 -155470.68595614913 40650517.765389375
34754175.268607154 -535914.1320882657 5465107.974439492 16214575.489400126 -162037.88805692803 40311348.797047846
34688432.97801214 -573053.4125713783 5434558.075369662 16156959.049762107 -160725.81244155587 40221658.56173594
34853187.31622882 -609444.2576529197 5446697.404949674 16201985.388842076 -217127.1256612322 40295721.6388737
39378424.69595414 -652521.8253580967 5686260.836262699 17069861.007132743 -208757.9311136459 40317854.6909822
39377094.2085489 -652346.2428228597 5686261.4331036 17069897.634721983 -208610.20954111507 40319472.31220949
39339195.24968248 -692324.3843477102 5664033.714922701 17018772.12903117 -272772.40093534556 40170644.45130729
37494024.94739626 -1767148.075071685 5287345.1746189855 16004008.86283268 -1399242.4726241075 37664593.90091103
36785715.013137355 -1938188.9738808305 5091599.21326997 15521167.457765402 -1669589.1635812237 36467632.24000043
37768400.358201824 -1392094.6815834083 5367017.893629669 16211916.530158147 -1008760.7451847764 38256752.66728837
38024765.22856941 -511371.91137076035 5662419.403677445 16968805.38011779 -130791.36795848803 41101483.68439502
37213412.529737286 -493803.41351014987 5572809.994162117 16714537.522089165 -146747.7244469019 40774787.614442505
37306040.13993324 -383363.578814412 5561671.16023918 16708169.236063873 -64319.40691102678 40742602.058639266
33509009.8923927 -1528493.8084435144 5306048.795658908 15765047.090047881 -944409.9571952234 39550878.683202654
35393264.87935231 -816296.9065041705 5460655.137712935 16285438.262907013 -335095.61399195535 40283689.74568516
37937294.30122998 -535314.7219389948 5659300.34785858 16952525.677654292 -151592.90671596312 41089907.551699266
39358958.486457095 -684814.3876156476 5668864.052434663 17005200.879068725 -273575.05554773967 39994007.8856952
39397064.8403266 -643159.8072851087 5691501.18614222 17080435.75029817 -201221.6285257078 40331409.21464599
39212871.77561518 -571450.3153804354 5663696.208704247 16976891.34164752 -147709.70642243975 39965296.76123904
39227190.91838816 -562706.3756067841 5668212.643361441 16985953.09065757 -139503.94626866782 39978307.29676586
39213777.966782644 -568577.0466389629 5664133.1495621465 17001115.066046465 -138313.01034776555 40153810.92328044
39227313.08807795 -562577.1710744053 5668205.064529576 16985929.179970674 -139363.7062637878 39978069.59228994
39336642.41105481 -589462.955919314 5674043.2500712 17007874.583980184 -150815.72795440943 39985921.70018585
37717099.0318338 -520553.86056688405 5648192.965184937 16910179.72781693 -137083.07729779297 41082409.050228
38639843.7353702 -564853.999274185 5707272.2924311785 17111924.921768412 -160872.16223675467 41182832.62486561
37213889.300490715 -493322.12095356913 5572866.3084610235 16714699.320024632 -146295.6104604216 40775042.08814692
37439395.21256902 -411678.5447165745 5569339.558551409 16735301.446821747 -77044.63869566642 40749620.688080154
36694751.67638392 -542101.7506428803 5558761.762737458 16626451.344081536 -155790.2076470495 40729241.35238283
36419609.95574428 -479870.0547615927 5552467.139342682 16583306.413168404 -128623.28086704768 40722169.87086436
35599110.63325934 -663741.1170485441 5531759.671311104 16445247.25958583 -272296.3476057567 40645270.634604104
36251153.045032024 -602826.3007337766 5566983.318133229 16592290.32371286 -201443.59048145948 40817336.27098173
37297544.803871036 -534639.0460822383 5574935.347213332 16725232.25733703 -153305.9030864684 40754959.69470347
35319541.362888485 -665263.0990660614 5485635.300172551 16313578.605397686 -232374.05319206155 40332734.37499629
35219101.057694145 -701435.2350371234 5491544.37130618 16316763.558398277 -262612.4327264476 40399563.59530747
35524518.986823834 -592011.7523928594 5498307.742052949 16368987.11545462 -159165.27054393792 40444300.42152342
34328659.85299419 -1058210.7256718348 5384217.611589934 16048801.002724996 -546799.2051300473 40219571.92909794
34381055.0483811 -688238.4741009653 5398423.657265168 16058687.059492592 -261847.91513847676 40104204.73620058
34677473.332131 -1216912.737580617 5384970.086779462 16083552.262413176 -638054.2963628597 40141243.77507697
34668124.44512662 -898599.6144281692 5420117.5392043665 16134325.608460253 -440423.81091469456 40205304.914062835
34454030.426394194 -1218347.8467550257 5329848.308940676 15940997.54483618 -664968.7445407958 39775466.69046876
39234114.56430475 -750770.7124451353 5638057.83864801 16996160.73932852 -318211.47229317046 40354592.66704336
39377862.0373026 -652263.9738959398 5686281.80419067 17069954.079816423 -208517.23297287885 40318952.30672475
38995280.95207757 -846231.8687756896 5617626.004465776 16943764.87274779 -392312.348272223 40378577.65539828
39301953.25321772 -768464.3103291148 5645763.00997248 17023874.660538167 -344023.5478166666 40431413.61894493
38689091.35213939 -895762.7669883422 5606191.076934464 16897805.116782013 -434870.61057628016 40431438.545908436
37634732.480237335 -1000397.4106969843 5562286.709353061 16690929.956409551 -456475.7138156869 40269839.92995726
37453445.54507373 -1122200.4339294136 5514096.368535514 16600747.381250791 -542283.0936080171 40211569.66210856
38262758.47729441 -1022430.8183222945 5553765.750481621 16775834.59453803 -523130.69483045547 40406260.53053341
38937563.472592026 -887555.6689237431 5605252.613920087 16911608.592201408 -424076.89176497934 40302778.82237972
39202867.536294855 -785805.8685367771 5633421.325526575 16987003.88284103 -367200.94528800476 40358949.98208726
39270542.49560274 -629754.9483716631 5682537.19431634 17062867.868613917 -210770.60575311302 40407028.22610715
39263473.068359785 -621522.7533679091 5678120.553485378 17024213.412103266 -187866.34958204828 40149028.479963206
38318521.96398521 -1121529.2676836303 5557086.642794647 16752954.964803686 -584523.9232306366 40134251.01672151
37375279.24607055 -1345633.813269014 5472296.540029028 16502424.379974136 -726696.5890795832 39921150.10679455
37396922.62605676 -1206711.8984055803 5505191.930409797 16575179.347305518 -614352.9809104956 40152592.64763464
39265131.895179026 -627356.9091307445 5679695.6214082325 17041268.845752757 -203092.19768929604 40268062.4934245
39410169.411481045 -633491.2285385064 5696066.736153135 17089660.697903022 -192114.6956469355 40346448.7327673
39267207.143900506 -624752.106729433 5680467.653980491 17048106.191329505 -196470.27097227777 40312965.62443823
38616385.56292306 -1008088.5702588568 5549911.721185019 16769476.42064844 -525216.2183353945 40040308.31002186
39048658.21552343 -874835.0713226988 5615510.45995542 16949513.71717581 -424887.5887318398 40392346.63537504
39116055.99447398 -729633.6324446615 5628192.943178188 16927534.924169 -319688.71968896355 40022293.65801887
36894934.633698784 -1481418.4705657845 5379981.160628739 16284521.42975522 -898871.2410237091 39581424.8685934
37163867.628241815 -1363048.374964581 5465085.614134999 16452519.027884612 -758634.3238776971 39805428.197661996
37780909.0872351 -1335065.6938548356 5448603.399288286 16498245.048549557 -798725.4399213477 39719017.000585236
36911943.81243349 -1219101.0918364904 5504257.68601853 16541546.057605255 -554762.7534847106 40377847.62095005
36773015.35619426 -1256540.7870334147 5486046.59132115 16498978.118312167 -625800.9071348046 40358343.52309419
36909586.04655062 -1253206.4400788622 5485234.283463659 16511492.260334102 -588094.8779093464 40330009.03075689
35871056.23166213 -1390364.146389199 5391585.9638544535 16219456.873109534 -748744.3521066774 39968738.96329709
37177100.82941353 -1313648.70326972 5458075.800629423 16461468.234549489 -733400.6271731273 39933886.756725885
35666010.232655235 -1379356.3936679256 5354855.802122588 16139830.118743865 -763740.1917694978 39904072.52082007
36473976.548912145 -1476573.8127014257 5383382.680901023 16278814.496904314 -810363.8597006279 39922712.38593321
34774095.03578257 -1130791.2461075394 5384068.28215123 16096401.140369447 -567981.6224473575 40156431.12909632
34927109.00520251 -1125553.5465375409 5405848.285887164 16141760.849832388 -545625.9636510048 40148494.807989456
35757605.351440206 -894292.6497711972 5481745.3589519365 16384847.261651855 -383992.54915132985 40503719.03237542
37926696.519739464 -1370458.144576228 5423556.535354003 16436259.630583342 -865792.3181600136 39327814.877418466
38179400.163887486 -1309226.74636415 5450801.38388351 16505723.430786032 -874010.4614319341 39358373.15847823
37256370.29717564 -1519570.0723089024 5386657.4932038 16304869.517401751 -942118.6108007121 39316010.59123087
35677596.038158774 -941578.5718513146 5459723.740704264 16340341.322236534 -425120.41207414126 40447897.008770585
36755274.42532208 -1251032.3301779388 5475225.085820236 16471076.478329804 -625495.64551349 40261086.38896596
36604596.198178686 -917508.8827778192 5514018.454218698 16528709.663973331 -385581.7383473573 40484896.45557861
37487448.42235245 -956730.3957166264 5565723.11394971 16720161.622010825 -405663.52298087825 40616613.30464684
37472671.03926901 -977115.194861463 5555002.303973652 16682210.68721324 -452641.40059374744 40434991.30156178
39280975.89092131 -765782.0157868057 5634161.409676973 16901614.57880316 -343058.39755110134 39590326.36611741
38988953.08567471 -921000.0636385595 5606226.645304568 16917768.047637526 -480571.887277704 40290924.557262234
39390192.42344634 -644653.4022965934 5690737.70196165 17078829.507154696 -201473.61696321613 40333066.509290844
39155789.95053611 -707562.1358233523 5638125.178657419 16947866.78587853 -301825.687401446 40045892.29950264
39283925.04145588 -762514.7570488898 5634692.329479175 16957590.29210631 -332863.6001080098 40029873.70176681
39261631.87444234 -627011.7017871897 5677614.017878354 16999801.62333533 -199922.64616035926 39960640.840800196
39285098.25166905 -671338.5952691041 5658660.9729704885 16996105.500843316 -266946.6804545324 40097135.81489248
38001400.154415034 -1376765.2195319587 5392500.794520173 16326147.684185889 -992572.9689530854 38682773.079938084
39195955.59385252 -827898.0041302425 5594111.640722793 16763158.33205743 -469768.25115657743 38968194.431542926
38445482.5562521 -1228577.490638501 5449404.759771246 16418260.42037719 -847702.2495445457 38406552.932684846
39276421.88225309 -769400.5438536458 5630287.205552456 16943410.143193666 -349496.22793742793 39967986.92280187
37099498.02049182 -1513614.6042463102 5378135.599814469 16253436.54936878 -990394.6214395287 39146637.989771076
36814869.88984078 -1670481.9175395162 5230690.500493839 15926350.553465324 -1241074.7733886065 38289029.24154789
37717833.37725302 -1398219.3560678149 5369826.443821211 16264309.858937953 -990535.9069448857 38698380.766387306
36257012.795267686 -1417159.6031505398 5394985.072989643 16258378.454863258 -779200.9675116166 39860163.93849106
36304219.81671536 -1442440.8055183818 5387027.232055446 16248710.633827776 -782654.8844886173 39815192.703153774
39411135.07530704 -633339.608890308 5696066.857795939 17089642.482737668 -191941.6875274106 40345336.1293198
39410516.62596601 -633359.0692596546 5696059.898844595 17089628.944613576 -191969.92511254904 40345915.85689268
39408194.73463809 -632224.8445481992 5693987.586658948 17048186.249399193 -187974.89609484698 40037419.31544067
39376808.80933266 -653976.2023263052 5686215.562928303 17069743.772449523 -210249.28788868195 40318985.60874466
39409026.35404363 -632367.6757316537 5693986.532588969 17048175.46844146 -188102.81872729928 40036512.00003802
39390092.1474518 -644901.2454900708 5690737.425101962 17078830.77356601 -201726.9561901611 40333179.69682675
39335639.4402311 -589886.1374038681 5674062.0193573395 17007946.483293172 -151271.42624205485 39987312.15044439
39411014.19913317 -633201.6858159208 5696061.059425591 17089620.952501558 -191798.7716378174 40345342.720269606
39410787.973141596 -633245.0427926991 5696057.039699473 17089611.54976672 -191845.5037709849 40345533.92282657
39336852.73579069 -589384.2646731853 5674048.5423621535 17007887.400897384 -150734.35869659646 39985760.99144636
39227933.740588315 -559620.5486836002 5668671.062776872 17010227.848982874 -129900.36296680244 40167178.32312392
39335777.171512075 -589582.8011169954 5674059.072299903 17007932.551524907 -150960.3212921356 39987092.45280518
39336516.21014811 -590018.7787646167 5674044.025640674 17007888.12776668 -151382.55049369237 39986148.45134715
39376245.10671278 -653438.8797154065 5686235.559558061 17069820.128858455 -209723.3355317206 40319960.18356304
39374013.87686276 -657513.4696596821 5685760.307146252 17045534.03560505 -220369.4597607303 40132655.25508732
39412819.65419847 -633952.3921838007 5696030.659666646 17089509.924990296 -192523.97287654752 40342953.03492498
39336489.4717257 -589430.2919058425 5674041.258030632 17007869.51144211 -150783.7456033153 39986053.97376155
39336669.25430908 -589255.6564371879 5674049.890783571 17007891.41137051 -150605.62558279705 39985963.05859942
35374751.59898986 -622822.2230766328 5460116.488265908 16287362.20250595 -221906.78316622815 40322981.03128535
36777919.81241858 -685718.4746148158 5537898.444315805 16593991.036990844 -268075.08050867484 40595023.945191756
36327266.619559765 -693726.60489344 5515405.932070447 16498568.04886449 -287605.5904259963 40507218.34853631
39333097.64960199 -692087.6943095783 5661185.386023193 16939039.46074358 -274104.0246342753 39567364.034386635
39336990.86813965 -589548.0105250836 5674037.397203604 17007855.781384826 -150893.05971991926 39985481.339691825
38798718.44701881 -385638.5092729133 5586175.163833635 16835575.879717633 13254.564195864388 40024136.69234318
39337862.78337005 -692072.0586387255 5664035.46190954 17018797.702311065 -272545.2396635456 40172164.06534616
39059565.96061519 -572119.8358724321 5653908.772993372 16981492.185685102 -155202.01861465257 40253283.665700376
39336222.243650794 -589629.438229775 5674039.696523052 17007871.287361722 -150988.93844646725 39986351.00494528
39227175.71374763 -562761.0944483005 5668212.337393372 16985953.67039607 -139559.79788702342 39978330.19152645
39227369.79147173 -562798.9016333934 5668202.035684724 16985926.605161335 -139589.976735247 39978022.5446958
35434038.3911002 -1396617.7687626006 5373583.84798111 16144838.22692515 -759421.7256216931 39988828.76637369
39226999.95791755 -562791.2531929932 5668211.29475851 16985953.374237277 -139591.55818718762 39978513.98701586
35242512.06895267 -1576467.5451425645 5414859.195145917 16164398.357695103 -966870.5222898377 39924082.64683113
37259447.57592608 -1696224.6707342567 5299069.119038559 16099064.644818326 -1246035.6467132438 38542378.061835684
35996735.69598286 -1626603.097261339 5339345.280009528 16123634.232248347 -982076.7560135999 39598885.04214312
34879026.586277366 -1681369.733002907 5305475.729249564 15920689.94560065 -1050067.1177232494 39431735.407487825
39377655.09732085 -654036.8241099295 5686221.742582819 17069752.58488606 -210296.40657540286 40318147.98731251
38282746.22685996 -1345557.0068530128 5408093.0434657745 16201350.485415794 -1023706.5604835632 37247126.9287199
36559390.99994299 -869838.9046315765 5517997.941391732 16528544.521860486 -367308.5723797524 40488985.64709924
34036335.953498185 -1092680.964080427 5358842.379266236 15964873.867954249 -536526.5573878563 40094231.08088069
34077841.50679096 -1356509.331219445 5336093.752261773 15881692.532037996 -776758.2037583009 39614761.09650937
34138764.38664153 -992891.9150006885 5370518.4733795095 15982997.88006346 -474399.5558138414 40020033.81025916
37386302.91712742 -518203.13063333114 5568742.817191268 16726962.905847147 -145208.7743224981 40741972.06729042
39330076.86552198 -760479.2580854034 5627850.876342423 16842358.216377202 -390515.48830929544 39130279.93289994
34175670.616770156 -991100.4032936405 5366736.84656991 15991870.627111118 -478315.2994091348 40091925.80772627
eps 254
0.0 6.60555833034757e-05 6.60555833034757e-05 -0.0006172205009032784
0.00013368650213799768 3.7329837963432754e-05 3.7329837963432754e-05 -0.000691000401846559
-2.9733122666329407e-05 2.099328422590608e-06 2.099328422590608e-06 -2.879978489442358e-06
0.0 1.4866561333191764e-05 1.4866561333191764e-05 -7.0786353346312165e-06
-1.8149125249802292e-05 -3.878622244129272e-06 -3.878622244129272e-06 5.40908854070364e-06
-2.538245883101167e-05 -8.074682837256266e-07 -8.074682837256266e-07 6.524480091473694e-06
0.0 9.844009257226644e-06 9.844009257226644e-06 -0.0011316179898834267
-1.9538885131776323e-05 7.376730197398984e-06 7.376730197398984e-06 -0.0011167519215562922
0.0 -3.7149774707015574e-06 -3.7149774707015574e-06 -0.0018929834849149112
-0.0014910680497736584 0.002313982104034387 0.002313982104034387 -0.0009796734542196137
0.0006995401488575461 0.0009727306041347268 0.0009727306041347268 -0.0032543869716165977
-1.7974131086790756e-05 0.00013250040981648253 0.00013250040981648253 -6.557471516768602e-05
0.00012209648727532873 5.5324103801143503e-05 5.5324103801143503e-05 -6.924354626097577e-05
-0.00024574271441606945 7.136243281329275e-05 7.136243281329275e-05 8.094420090307315e-05
0.0003009376304765805 0.0007306707041719463 0.0007306707041719463 -0.00108663671519082
0.0004206376991162577 0.0005201802661997738 0.0005201802661997738 -0.0013004634532399577
0.0002870717553352639 0.0007897526532559883 0.0007897526532559883 -0.0012776166577028875
0.00034196490560918784 0.0005415216442126555 0.0005415216442126555 -0.0012977693866285346
0.00047591656530845375 0.0007112065883376512 0.0007112065883376512 -0.0012706412758635398
0.00041440273645526306 0.00047414828667849147 0.00047414828667849147 -0.0015344851736405832
9.523555356549175e-05 0.00012095486843215668 0.00012095486843215668 -0.0006019475312772433
9.950176227577117e-05 0.00017984012956594008 0.00017984012956594008 -0.0006033360100270847
0.0 0.00016020534437961376 0.00016020534437961376 -0.00047752381940204387
1.685525176973161e-05 0.0002437864583094365 0.0002437864583094365 -0.00039883206194286393
0.0 0.0001704742781130341 0.0001704742781130341 -0.0002907913526989346
4.653709987125811e-06 0.0001818670715119397 0.0001818670715119397 -0.00043093103200639554
-5.423930321706076e-05 0.00021932197980345074 0.00021932197980345074 -0.00023002515972946747
0.0 0.00014025297425230608 0.00014025297425230608 -0.00015235679535206847
-7.693828903177001e-05 0.00015461030422332078 0.00015461030422332078 -0.00010830258212679152
0.0 9.640408399964786e-05 9.640408399964786e-05 -6.764282440997766e-05
0.0 5.816198252853506e-05 5.816198252853506e-05 -2.665894504032035e-05
-6.380768875626712e-05 9.304059131932207e-05 9.304059131932207e-05 -4.571691192401942e-05
-4.4734393708315646e-05 5.0385464526418816e-05 5.0385464526418816e-05 -1.8838591752122328e-05
0.0 3.146972631214896e-05 3.146972631214896e-05 -1.1766133583919787e-05
-3.33549299417346e-05 2.3325174702187837e-05 2.3325174702187837e-05 -8.802056811582277e-06
-4.455751343093736e-05 1.2338953619244147e-06 1.2338953619244147e-06 1.1500849476184668e-05
-3.5262509174304935e-05 7.679605960634598e-06 7.679605960634598e-06 7.90072076784925e-06
-3.99648044984692e-05 -3.087333235263073e-07 -3.087333235263073e-07 1.2377905055551752e-05
-4.257052218318678e-05 -1.499455687555947e-06 -1.499455687555947e-06 1.4602824369233589e-05
-3.340526528592198e-05 -6.466900148116087e-06 -6.466900148116087e-06 1.007680460928965e-05
-1.0214915913279113e-05 -7.362365859321676e-06 -7.362365859321676e-06 2.860157210873764e-06
-2.7393600539197083e-05 -4.92224326557593e-06 -4.92224326557593e-06 6.58082292210667e-06
7.066370897778144e-06 -1.0250168067218254e-05 -1.0250168067218254e-05 -2.0897166098425514e-06
-2.172887132473956e-05 -8.300679441301591e-06 -8.300679441301591e-06 6.107582691506761e-06
2.7561458301790455e-05 -1.1399400035515391e-05 -1.1399400035515391e-05 -8.43010155878656e-06
-1.2080466626551885e-05 -1.0283234997733024e-05 -1.0283234997733024e-05 5.08134145173275e-06
4.956774652327194e-05 -1.064198902510792e-05 -1.064198902510792e-05 -1.6372058748673066e-05
-1.8306245031738115e-06 -1.1992602933840783e-05 -1.1992602933840783e-05 2.588589892301235e-06
7.731003468639715e-05 -9.126517215185672e-06 -9.126517215185672e-06 -2.516759938917402e-05
7.240600427542272e-06 -1.0081480355831813e-05 -1.0081480355831813e-05 6.197441678239496e-07
2.2070437706074887e-05 -8.383676348035498e-06 -8.383676348035498e-06 -2.3575185980225758e-06
0.00010659884724958195 -7.225802773522407e-06 -7.225802773522407e-06 -3.414946536256665e-05
0.00012900480814817875 -3.2841508838709536e-06 -3.2841508838709536e-06 -4.087976950801933e-05
2.455316973081734e-05 -1.0405604961375407e-05 -1.0405604961375407e-05 -4.111987960476939e-06
0.0001574078706584559 2.0628040574845424e-06 2.0628040574845424e-06 -5.3993476793406416e-05
2.2249679612732677e-05 -4.96422721004867e-06 -4.96422721004867e-06 -2.4669477055141217e-06
2.3970134077078517e-05 8.44375364568667e-06 8.44375364568667e-06 1.1435011781845642e-06
0.00016154571519119828 1.0003421175188007e-06 1.0003421175188007e-06 -5.3760518543373523e-05
0.0001673516497599772 8.332338344413143e-06 8.332338344413143e-06 -5.384171534530968e-05
-2.226912184436172e-05 2.5926220174356403e-05 2.5926220174356403e-05 5.5819898794209986e-06
0.00017430772480908695 2.3962607659766023e-05 2.3962607659766023e-05 -7.28314568840564e-05
-3.152691856782026e-05 1.871652837320966e-05 1.871652837320966e-05 1.414175611367174e-05
-0.00010107133319570697 2.788932333436299e-05 2.788932333436299e-05 3.9661944718532e-05
-0.00038406373893580125 0.00044188148533841625 0.00044188148533841625 -0.00014056303078619284
-0.00042741153159200706 0.00020237625727575993 0.00020237625727575993 0.00015159009701498898
-0.0005969876163234214 0.0008555880902139401 0.0008555880902139401 0.00040625040943309543
6.11009410771895e-05 0.00021436672308752607 0.00021436672308752607 -0.0016617235066930369
0.0 3.154561692242197e-05 3.154561692242197e-05 -0.0014302528966180367
0.0 2.5467500337371786e-05 2.5467500337371786e-05 -0.0012454926646222435
-1.0527606739619324e-05 0.00010851008588852018 0.00010851008588852018 -0.001337872780620272
-1.1395013545097046e-05 6.067174398500917e-05 6.067174398500917e-05 -0.0012010439676805856
0.0 1.9048340083844157e-05 1.9048340083844157e-05 -0.0011587539406452928
-1.8704571794858704e-05 2.710356870689379e-05 2.710356870689379e-05 -0.0011418584229042489
1.005382581517825e-05 9.71011378194872e-06 9.71011378194872e-06 -0.0011212572926169052
-9.562653130513827e-06 -5.671331250806047e-06 -5.671331250806047e-06 -0.001124265580154958
6.106248315609561e-05 -1.596325013681323e-05 -1.596325013681323e-05 -0.0011670824226357231
0.00010966082552259802 2.3020130801368333e-05 2.3020130801368333e-05 -0.0011711327600580357
0.0002545586795775535 5.095874489029293e-05 5.095874489029293e-05 -0.0012235760108784879
0.0001921230888856625 -1.1195163575944799e-05 -1.1195163575944799e-05 -0.001238563408247009
0.0003302685591699127 2.877446825735213e-05 2.877446825735213e-05 -0.0012692193577277236
0.0003837295138598829 8.299814170807272e-05 8.299814170807272e-05 -0.0012319574979202802
0.0003987685777081508 6.089473505514604e-05 6.089473505514604e-05 -0.001199689791423382
0.000412995981940585 8.806739578794045e-05 8.806739578794045e-05 -0.0011485387992672754
0.00038994723127194265 7.829696567449032e-05 7.829696567449032e-05 -0.0010680093229222145
0.00036933490693791276 7.69997772343304e-05 7.69997772343304e-05 -0.0010149092069637149
0.0002855102827087863 5.5540554309533685e-05 5.5540554309533685e-05 -0.0008633280250656373
0.00032308131085105314 7.7136950133932e-05 7.7136950133932e-05 -0.0009114865017482842
0.00019697240656884254 6.375747985839001e-05 6.375747985839001e-05 -0.0007673188937238843
-1.767133087473614e-05 3.816533161429245e-05 3.816533161429245e-05 -2.2308776858511646e-05
-0.00014227384103796464 0.0001592163140859523 0.0001592163140859523 -3.813547611145876e-05
-1.4854647314501402e-05 7.33998313018116e-05 7.33998313018116e-05 -1.776195424368389e-05
0.00031297043831293204 0.00019176776890738023 0.00019176776890738023 -0.0009005594400061981
0.0003752935219163095 0.00022149493126042796 0.00022149493126042796 -0.0010275748042910364
0.0002994308303653527 0.00017752533360238486 0.00017752533360238486 -0.0009007695869608419
2.3372423641935008e-05 -1.6707444549128386e-06 -1.6707444549128386e-06 -2.69180346285881e-05
2.466124027808103e-05 -9.076436423473538e-06 -9.076436423473538e-06 -1.920359942993459e-05
-6.621823351871467e-05 5.7876738454426784e-06 5.7876738454426784e-06 1.6776676728106526e-05
5.113011556149179e-06 -2.000065229741923e-05 -2.000065229741923e-05 -1.1582819755903782e-05
-2.7442755535822977e-06 -1.842844121585242e-05 -1.842844121585242e-05 -1.4235718532142397e-06
-4.5796681453411623e-05 -2.2385725577071878e-05 -2.2385725577071878e-05 1.2840296582806802e-05
-2.2472480589630477e-05 -1.273204797640002e-05 -1.273204797640002e-05 8.134721072236961e-06
-4.308716142581751e-05 -1.2223980964046041e-05 -1.2223980964046041e-05 1.4025415564935425e-05
-1.3987350364896977e-05 -1.8520511403332993e-05 -1.8520511403332993e-05 2.336765674909771e-06
-0.0002339402622946915 0.0003125676521556601 0.0003125676521556601 -8.011629202451208e-05
-0.00024941340933806543 0.00018974703861926305 0.00018974703861926305 5.926872301326245e-05
-8.650794751415326e-05 0.00015314426659729927 0.00015314426659729927 -6.852366948358751e-05
-5.9876663620808256e-05 0.00013857090542899607 0.00013857090542899607 -0.000151662451356062
-7.347228081988193e-05 0.0002366508128953438 0.0002366508128953438 -0.0002727503209573284
1.3968023224297159e-05 0.00018421090891490355 0.00018421090891490355 -0.00036223171142620074
-1.22956596110911e-05 -1.8891657998863952e-05 -1.8891657998863952e-05 -0.0011927903984052298
7.045978650834219e-05 4.854187611925379e-05 4.854187611925379e-05 -0.0012613278798597246
-1.0527606738989955e-05 -2.2589938579997844e-05 -2.2589938579997844e-05 -0.0013212364916816224
0.00031589186375384173 0.00012268514205509892 0.00012268514205509892 -0.00123013149846855
0.00041226383493669927 0.0001727062671778491 0.0001727062671778491 -0.0013041823400804968
0.00039973462239764975 0.00022209282589596922 0.00022209282589596922 -0.0011540903132235465
0.0003841806164395941 0.00019390160226177936 0.00019390160226177936 -0.0012031532415113563
-7.393994733220638e-05 8.458885146428963e-05 8.458885146428963e-05 -5.01398282573972e-05
-0.00010225366463537228 8.668044695719535e-05 8.668044695719535e-05 -3.784092090379001e-05
-6.352428165412182e-05 4.632765400779747e-05 4.632765400779747e-05 -5.6259791482793525e-06
-0.0005982357707888646 0.0015106167910565295 0.0015106167910565295 -0.0008135309757922003
-0.00024689243140212655 0.0007969725526047552 0.0007969725526047552 -0.00011146030751430988
-0.0004271313537219078 0.0006414559996042754 0.0006414559996042754 -0.00021546041596577116
4.1378397487590574e-05 1.2388232220550546e-05 1.2388232220550546e-05 -0.0011583376292456037
0.00019794116802390412 5.627505042516938e-05 5.627505042516938e-05 -0.0012281808403326981
0.00015589987268655288 -6.969153738452586e-06 -6.969153738452586e-06 -0.0012794387035525469
0.0006994787222680631 0.0009024043830077222 0.0009024043830077222 -0.001670042689478287
0.0005466727634122533 0.0004397799213982545 0.0004397799213982545 -0.0021892522329399512
6.10207971597551e-05 1.2221863810602397e-05 1.2221863810602397e-05 -0.0015580719698364224
-4.521029075687544e-05 2.279029983326487e-05 2.279029983326487e-05 9.344193608251685e-06
-5.207371314387642e-05 1.8890501357922948e-05 1.8890501357922948e-05 7.163977133566692e-06
-3.690661412037547e-05 1.0928545143398838e-05 1.0928545143398838e-05 9.195083080517881e-06
-4.144697676264863e-05 -8.72303014220916e-06 -8.72303014220916e-06 1.2963831365145772e-05
-2.7225931839453494e-05 -6.752708901298024e-06 -6.752708901298024e-06 9.707644934226445e-06
-3.9967926461758756e-05 -4.876798560712736e-06 -4.876798560712736e-06 1.3401552721522298e-05
-5.060831737392906e-05 1.1960282028592288e-06 1.1960282028592288e-06 1.447838254080561e-05
3.856921981711883e-05 4.178356267482583e-06 4.178356267482583e-06 -0.0011823288327011405
-2.8705770673476652e-05 -6.15211799034352e-07 -6.15211799034352e-07 -0.0011217683896344206
0.000170144840763083 6.890294648737697e-05 6.890294648737697e-05 -0.0012577745321933577
0.00012894344379614888 -4.539461141030599e-06 -4.539461141030599e-06 -0.0013867519249012722
0.0002759542070408116 7.54311882041254e-05 7.54311882041254e-05 -0.0014272948827590021
0.0002880547093760842 4.728556917843414e-05 4.728556917843414e-05 -0.0013248614138773474
0.0003282917583259679 0.00017309395744975184 0.00017309395744975184 -0.0012749101198669555
0.0003186838836446426 0.00012672233086737173 0.00012672233086737173 -0.0016219821998834753
0.00017969139274811544 0.00010736207151378302 0.00010736207151378302 -0.0013651411312876338
0.0003790308218381425 0.0002524972322305995 0.0002524972322305995 -0.0013632492995064305
0.00038887517096930957 0.00030799698076484043 0.00030799698076484043 -0.0014733205028085866
0.00036357308764741484 0.00019052881393924313 0.00019052881393924313 -0.001355967674178728
0.00041055559039621494 0.0003831464089164357 0.0003831464089164357 -0.0012452837904954428
0.00040179665989315374 0.0002681271737392032 0.0002681271737392032 -0.0012237287184631938
0.00037379871063712835 0.00041670427511614574 0.00041670427511614574 -0.0012752536247421578
0.000374141475355137 0.00029437272084182063 0.00029437272084182063 -0.0012482787917303907
0.0003728784691902475 0.0004597853190436475 0.0004597853190436475 -0.0010556892560826276
-0.00011081132554711069 0.00015064874873559075 0.00015064874873559075 -0.00011710574275543485
-0.00010482080957509857 8.938519248396666e-05 8.938519248396666e-05 -5.854320186195987e-05
-7.701034640645088e-05 0.00017895135932505124 0.00017895135932505124 -0.0001682669667153107
-0.0001302563128776508 0.00018594496660350766 0.00018594496660350766 -0.00014432123913790277
-7.989737796902131e-05 0.0002854759106973238 0.0002854759106973238 -0.0003268509498626133
6.227296484638079e-05 0.0002778924394299179 0.0002778924394299179 -0.0005293484778100472
5.9621287203023886e-05 0.0002747777251145778 0.0002747777251145778 -0.0004711067685676954
-4.609091398739525e-06 0.00027459368823776946 0.00027459368823776946 -0.00033438054132462397
-8.032443384614933e-05 0.00021773987537413917 0.00021773987537413917 -0.00018231144117722333
-0.00017303039910411707 0.00022515404611178424 0.00022515404611178424 -0.00011309831160998657
-0.00012309902752140507 0.00011437389348887635 0.00011437389348887635 -7.818787843595767e-05
-0.0001393809464515051 0.00010641532828276911 0.00010641532828276911 -3.286662332200457e-05
-0.0001067542314004739 0.00037979739973655817 0.00037979739973655817 -0.00034429207851730047
1.8460351399829465e-06 0.00036480116538311545 0.00036480116538311545 -0.00038294496195490405
1.5402703482800332e-05 0.00038441388001441844 0.00038441388001441844 -0.0005344553649460568
-0.00013305334004607499 8.948776515415768e-05 8.948776515415768e-05 -2.775404086034754e-05
-0.00010760583282347186 2.646370765101245e-05 2.646370765101245e-05 1.868659005818641e-06
-0.00012587863382740718 9.974330344261526e-05 9.974330344261526e-05 -5.346250114080843e-05
-0.00010811312052324302 0.00029574393048006464 0.00029574393048006464 -0.0001600989184180222
-0.00017658966004421438 0.000272979450673814 0.000272979450673814 -0.0001567991446802632
-0.00012843506938266854 0.00013755449308247144 0.00013755449308247144 -4.2609127901163495e-05
1.953343142573489e-05 0.0004799262548292058 0.0004799262548292058 -0.0004295757817945412
3.1525824727043406e-05 0.0005193784629369083 0.0005193784629369083 -0.0006103177394747362
-0.00014389319782096976 0.00048784445703349414 0.00048784445703349414 -0.00038487146709058513
0.00017660861181634604 0.0004134770905688908 0.0004134770905688908 -0.0007333357548705657
0.0001270470692582564 0.00032127454111851857 0.00032127454111851857 -0.0005881097358479712
0.00018321095713397386 0.0004242400789231849 0.0004242400789231849 -0.0007464180516242639
0.00026683546017931554 0.0004894097018725104 0.0004894097018725104 -0.0010468940372745485
2.8523823087997632e-05 0.0006442909452577445 0.0006442909452577445 -0.0007423824848523178
0.0002673565362533908 0.00047880142985108886 0.00047880142985108886 -0.0008808533970696697
0.00018762455214217503 0.0005466702434778998 0.0005466702434778998 -0.0007479395005434055
0.0003439612698234498 0.0003635216753990902 0.0003635216753990902 -0.0009889629444977724
0.0003402278899684028 0.0003451738702488226 0.0003451738702488226 -0.0010758219680131673
0.00026329679752408583 0.0002976040174803477 0.0002976040174803477 -0.0008451453369939896
-0.00021502565442913153 0.0005722621912317024 0.0005722621912317024 -0.0003595147128427397
-0.00015213572405967972 0.00036881144230201427 0.00036881144230201427 -0.0001189378139757561
1.1008745868030818e-05 0.0005695739629258268 0.0005695739629258268 -0.0003998107004080922
0.00026943251065079227 0.000305939650586159 0.000305939650586159 -0.0008475166036899626
0.00014000097423282849 0.0003460446358635735 0.0003460446358635735 -0.0006216713426496876
0.0001947323704467994 0.00024984717501521964 0.00024984717501521964 -0.0006900667056547721
0.00011158609688959102 0.00020261145715610955 0.00020261145715610955 -0.0005855802773753606
0.00011297457765003183 0.0002137023179218485 0.0002137023179218485 -0.0005532668286844187
-0.0001568970251567091 0.00016103966848002044 0.00016103966848002044 -2.018190599739492e-05
-0.00018730270514157878 0.0003214929167969849 0.0003214929167969849 -0.0001645745246420182
-9.52213005144753e-05 4.135412743826606e-05 4.135412743826606e-05 6.342949002160602e-06
-0.00014320267517121444 0.00012851356440328365 0.00012851356440328365 -4.389162577932994e-05
-0.000135561385892341 0.0001564256610102482 0.0001564256610102482 -6.172376018677059e-05
-0.00012388751418344532 4.701461586944009e-05 4.701461586944009e-05 1.2171927794173631e-05
-0.00015074458534925026 0.000123743523552834 0.000123743523552834 -3.5840817931775135e-05
-0.00018916914174943193 0.00041893481500881465 0.00041893481500881465 -9.429288739288069e-05
-0.00020273476821165663 0.00017086040976983037 0.00017086040976983037 2.5922253755288754e-05
-0.00029797436910365314 0.0003732076982793578 0.0003732076982793578 -6.780026303378813e-05
-0.00017474717333852685 0.0001918661541085915 0.0001918661541085915 -5.137785380999446e-05
-4.233503248306735e-05 0.0008290805485229741 0.0008290805485229741 -0.0007676367895197659
-5.32308523600389e-05 0.000731329185290967 0.000731329185290967 -0.0003777658990560019
-0.0003217481608354869 0.0006921903036586853 0.0006921903036586853 -0.0003538232313993915
0.00021839204402524046 0.0006119588474960886 0.0006119588474960886 -0.0010660955304390308
0.00021048557329574882 0.0006230307642927076 0.0006230307642927076 -0.0008893320741201736
-9.013519241570455e-05 3.144189169170544e-05 3.144189169170544e-05 -8.630730301832934e-06
-9.645273316555071e-05 3.067853959565209e-05 3.067853959565209e-05 1.8543856024700114e-06
-7.907813615373948e-05 9.641030872186566e-06 9.641030872186566e-06 2.141666909111227e-05
-7.107025331200892e-05 4.3064098048861544e-05 4.3064098048861544e-05 -6.547392900713656e-06
-6.586511012304195e-05 5.916018154456714e-06 5.916018154456714e-06 1.0988399832197972e-05
-9.688947140519397e-05 3.433202390873326e-05 3.433202390873326e-05 7.67523062251442e-06
-7.998914561447825e-05 -1.153578428823355e-05 -1.153578428823355e-05 1.640844971172688e-05
-8.875907373203737e-05 3.592329551168136e-05 3.592329551168136e-05 -4.42926044190301e-06
-8.999336305317352e-05 3.4592714499064016e-05 3.4592714499064016e-05 3.112425961707089e-07
-5.0447086090395595e-05 3.714171129246975e-06 3.714171129246975e-06 8.820912599450057e-06
-4.1150645489471685e-05 -1.629885455117608e-05 -1.629885455117608e-05 4.877262535183596e-06
-7.368281659662543e-05 -2.649450176562543e-06 -2.649450176562543e-06 1.766298099806936e-05
-5.8997158482073945e-05 -1.585043815302648e-05 -1.585043815302648e-05 1.1080023244204856e-05
-9.61721177848292e-05 5.664071598731634e-05 5.664071598731634e-05 -1.2127177458345342e-05
-0.00011401094139610697 3.391292962081781e-05 3.391292962081781e-05 1.771585360842002e-05
-4.485069942838032e-05 1.682244990343403e-05 1.682244990343403e-05 -1.7781944506375886e-05
-5.1899775359293527e-05 2.1557692747318677e-06 2.1557692747318677e-06 1.7601596987709623e-05
-5.508170387621958e-05 7.677503475542593e-06 7.677503475542593e-06 9.995437233911408e-06
0.0003663790743966295 0.00020277850298853714 0.00020277850298853714 -0.0010668342469342465
0.00019843290601120325 0.00012482494974456145 0.00012482494974456145 -0.0007644476465597768
0.0002298507596131109 0.000156736832056818 0.000156736832056818 -0.0007454655300352377
-0.00011986594983187947 6.369419882820845e-05 6.369419882820845e-05 2.717045056108234e-05
-4.480969588887903e-05 -1.339205935297754e-06 -1.339205935297754e-06 1.0546611527162707e-05
1.9725549551937958e-05 -1.905599860801014e-05 -1.905599860801014e-05 -1.0763510426410128e-05
-8.699433895078607e-05 5.1210453462516715e-05 5.1210453462516715e-05 9.534736761759302e-06
2.5124415430000762e-05 1.4196766950857489e-05 1.4196766950857489e-05 -4.1610186106982774e-05
-5.835707051136329e-05 -3.992109160940221e-06 -3.992109160940221e-06 1.962112745984224e-05
-4.235269553113586e-05 -1.0482453415921517e-05 -1.0482453415921517e-05 1.2611981500078174e-05
-3.95868884324466e-05 -1.277553692892048e-05 -1.277553692892048e-05 1.1820144632383922e-05
0.00033829455056469133 0.0005515925075052301 0.0005515925075052301 -0.001044442258060052
-4.653112909767628e-05 -1.1454689709562672e-05 -1.1454689709562672e-05 1.4103178850775509e-05
0.0003460262645428229 0.0010236135409431128 0.0010236135409431128 -0.0016869433874569552
-0.0001793112875955801 0.001093157082762226 0.001093157082762226 -0.0008729394915363976
0.0001805815637271565 0.000824779383143958 0.000824779383143958 -0.0009547778404399537
0.00033718690246943843 0.0009607968404194151 0.0009607968404194151 -0.0012713147427421412
-6.27251988163047e-05 4.257917769323309e-05 4.257917769323309e-05 -2.2145555566462462e-05
-0.0003118423475843295 0.00039394967192949955 0.00039394967192949955 3.462070719060899e-05
0.00019281842046724423 0.0002422415196403902 0.0002422415196403902 -0.0007175441385086415
0.000511989432575315 0.0005101932067631052 0.0005101932067631052 -0.0015214756167953175
0.0004758100815584435 0.000694614318021095 0.000694614318021095 -0.0017205390711513401
0.00047356696473246506 0.00046355319573192536 0.00046355319573192536 -0.0015780807102983615
0.00017382267926844937 7.648781465940743e-05 7.648781465940743e-05 -0.0015224275841994716
-0.00020787069303943717 0.0001372603711562025 0.0001372603711562025 3.8969037427644126e-05
0.0003893402546485961 0.00034107609925928856 0.00034107609925928856 -0.0011186446124542174
eps_abs 254
0.0 0.0 0.0 0.0
0.0 0.0 0.0 0.0
0.0 0.0 0.0 0.0
0.0 0.0 0.0 0.0
0.0 0.0 0.0 0.0
0.0 0.0 0.0 0.0
0.0 0.0 0.0 0.0
0.0 0.0 0.0 0.0
0.0 0.0 0.0 0.0
0.0 0.0 0.0 0.0
0.0 0.0 0.0 0.0
0.0 0.0 0.0 0.0
0.0 0.0 0.0 0.0
0.0 0.0 0.0 0.0
0.0 0.0 0.0 0.0
0.0 0.0 0.0 0.0
0.0 0.0 0.0 0.0
0.0 0.0 0.0 0.0
0.0 0.0 0.0 0.0
0.0 0.0 0.0 0.0
0.0 0.0 0.0 0.0
0.0 0.0 0.0 0.0
0.0 0.0 0.0 0.0
0.0 0.0 0.0 0.0
0.0 0.0 0.0 0.0
0.0 0.0 0.0 0.0
0.0 0.0 0.0 0.0
0.0 0.0 0.0 0.0
0.0 0.0 0.0 0.0
0.0 0.0 0.0 0.0
0.0 0.0 0.0 0.0
0.0 0.0 0.0 0.0
0.0 0.0 0.0 0.0
0.0 0.0 0.0 0.0
0.0 0.0 0.0 0.0
0.0 0.0 0.0 0.0
0.0 0.0 0.0 0.0
0.0 0.0 0.0 0.0
0.0 0.0 0.0 0.0
0.0 0.0 0.0 0.0
0.0 0.0 0.0 0.0
0.0 0.0 0.0 0.0
0.0 0.0 0.0 0.0
0.0 0.0 0.0 0.0
0.0 0.0 0.0 0.0
0.0 0.0 0.0 0.0
0.0 0.0 0.0 0.0
0.0 0.0 0.0 0.0
0.0 0.0 0.0 0.0
0.0 0.0 0.0 0.0
0.0 0.0 0.0 0.0
0.0 0.0 0.0 0.0
0.0 0.0 0.0 0.0
0.0 0.0 0.0 0.0
0.0 0.0 0.0 0.0
0.0 0.0 0.0 0.0
0.0 0.0 0.0 0.0
0.0 0.0 0.0 0.0
0.0 0.0 0.0 0.0
0.0 0.0 0.0 0.0
0.0 0.0 0.0 0.0
0.0 0.0 0.0 0.0
0.0 0.0 0.0 0.0
0.0 0.0 0.0 0.0
0.0 0.0 0.0 0.0
0.0 0.0 0.0 0.0
0.0 0.0 0.0 0.0
0.0 0.0 0.0 0.0
0.0 0.0 0.0 0.0
0.0 0.0 0.0 0.0
0.0 0.0 0.0 0.0
0.0 0.0 0.0 0.0
0.0 0.0 0.0 0.0
0.0 0.0 0.0 0.0
0.0 0.0 0.0 0.0
0.0 0.0 0.0 0.0
0.0 0.0 0.0 0.0
0.0 0.0 0.0 0.0
0.0 0.0 0.0 0.0
0.0 0.0 0.0 0.0
0.0 0.0 0.0 0.0
0.0 0.0 0.0 0.0
0.0 0.0 0.0 0.0
0.0 0.0 0.0 0.0
0.0 0.0 0.0 0.0
0.0 0.0 0.0 0.0
0.0 0.0 0.0 0.0
0.0 0.0 0.0 0.0
0.0 0.0 0.0 0.0
0.0 0.0 0.0 0.0
0.0 0.0 0.0 0.0
0.0 0.0 0.0 0.0
0.0 0.0 0.0 0.0
0.0 0.0 0.0 0.0
0.0 0.0 0.0 0.0
0.0 0.0 0.0 0.0
0.0 0.0 0.0 0.0
0.0 0.0 0.0 0.0
0.0 0.0 0.0 0.0
0.0 0.0 0.0 0.0
0.0 0.0 0.0 0.0
0.0 0.0 0.0 0.0
0.0 0.0 0.0 0.0
0.0 0.0 0.0 0.0
0.0 0.0 0.0 0.0
0.0 0.0 0.0 0.0
0.0 0.0 0.0 0.0
0.0 0.0 0.0 0.0
0.0 0.0 0.0 0.0
0.0 0.0 0.0 0.0
0.0 0.0 0.0 0.0
0.0 0.0 0.0 0.0
0.0 0.0 0.0 0.0
0.0 0.0 0.0 0.0
0.0 0.0 0.0 0.0
0.0 0.0 0.0 0.0
0.0 0.0 0.0 0.0
0.0 0.0 0.0 0.0
0.0 0.0 0.0 0.0
0.0 0.0 0.0 0.0
0.0 0.0 0.0 0.0
0.0 0.0 0.0 0.0
0.0 0.0 0.0 0.0
0.0 0.0 0.0 0.0
0.0 0.0 0.0 0.0
0.0 0.0 0.0 0.0
0.0 0.0 0.0 0.0
0.0 0.0 0.0 0.0
0.0 0.0 0.0 0.0
0.0 0.0 0.0 0.0
0.0 0.0 0.0 0.0
0.0 0.0 0.0 0.0
0.0 0.0 0.0 0.0
0.0 0.0 0.0 0.0
0.0 0.0 0.0 0.0
0.0 0.0 0.0 0.0
0.0 0.0 0.0 0.0
0.0 0.0 0.0 0.0
0.0 0.0 0.0 0.0
0.0 0.0 0.0 0.0
0.0 0.0 0.0 0.0
0.0 0.0 0.0 0.0
0.0 0.0 0.0 0.0
0.0 0.0 0.0 0.0
0.0 0.0 0.0 0.0
0.0 0.0 0.0 0.0
0.0 0.0 0.0 0.0
0.0 0.0 0.0 0.0
0.0 0.0 0.0 0.0
0.0 0.0 0.0 0.0
0.0 0.0 0.0 0.0
0.0 0.0 0.0 0.0
0.0 0.0 0.0 0.0
0.0 0.0 0.0 0.0
0.0 0.0 0.0 0.0
0.0 0.0 0.0 0.0
0.0 0.0 0.0 0.0
0.0 0.0 0.0 0.0
0.0 0.0 0.0 0.0
0.0 0.0 0.0 0.0
0.0 0.0 0.0 0.0
0.0 0.0 0.0 0.0
0.0 0.0 0.0 0.0
0.0 0.0 0.0 0.0
0.0 0.0 0.0 0.0
0.0 0.0 0.0 0.0
0.0 0.0 0.0 0.0
0.0 0.0 0.0 0.0
0.0 0.0 0.0 0.0
0.0 0.0 0.0 0.0
0.0 0.0 0.0 0.0
0.0 0.0 0.0 0.0
0.0 0.0 0.0 0.0
0.0 0.0 0.0 0.0
0.0 0.0 0.0 0.0
0.0 0.0 0.0 0.0
0.0 0.0 0.0 0.0
0.0 0.0 0.0 0.0
0.0 0.0 0.0 0.0
0.0 0.0 0.0 0.0
0.0 0.0 0.0 0.0
0.0 0.0 0.0 0.0
0.0 0.0 0.0 0.0
0.0 0.0 0.0 0.0
0.0 0.0 0.0 0.0
0.0 0.0 0.0 0.0
0.0 0.0 0.0 0.0
0.0 0.0 0.0 0.0
0.0 0.0 0.0 0.0
0.0 0.0 0.0 0.0
0.0 0.0 0.0 0.0
0.0 0.0 0.0 0.0
0.0 0.0 0.0 0.0
0.0 0.0 0.0 0.0
0.0 0.0 0.0 0.0
0.0 0.0 0.0 0.0
0.0 0.0 0.0 0.0
0.0 0.0 0.0 0.0
0.0 0.0 0.0 0.0
0.0 0.0 0.0 0.0
0.0 0.0 0.0 0.0
0.0 0.0 0.0 0.0
0.0 0.0 0.0 0.0
0.0 0.0 0.0 0.0
0.0 0.0 0.0 0.0
0.0 0.0 0.0 0.0
0.0 0.0 0.0 0.0
0.0 0.0 0.0 0.0
0.0 0.0 0.0 0.0
0.0 0.0 0.0 0.0
0.0 0.0 0.0 0.0
0.0 0.0 0.0 0.0
0.0 0.0 0.0 0.0
0.0 0.0 0.0 0.0
0.0 0.0 0.0 0.0
0.0 0.0 0.0 0.0
0.0 0.0 0.0 0.0
0.0 0.0 0.0 0.0
0.0 0.0 0.0 0.0
0.0 0.0 0.0 0.0
0.0 0.0 0.0 0.0
0.0 0.0 0.0 0.0
0.0 0.0 0.0 0.0
0.0 0.0 0.0 0.0
0.0 0.0 0.0 0.0
0.0 0.0 0.0 0.0
0.0 0.0 0.0 0.0
0.0 0.0 0.0 0.0
0.0 0.0 0.0 0.0
0.0 0.0 0.0 0.0
0.0 0.0 0.0 0.0
0.0 0.0 0.0 0.0
0.0 0.0 0.0 0.0
0.0 0.0 0.0 0.0
0.0 0.0 0.0 0.0
0.0 0.0 0.0 0.0
0.0 0.0 0.0 0.0
0.0 0.0 0.0 0.0
0.0 0.0 0.0 0.0
0.0 0.0 0.0 0.0
0.0 0.0 0.0 0.0
0.0 0.0 0.0 0.0
0.0 0.0 0.0 0.0
0.0 0.0 0.0 0.0
0.0 0.0 0.0 0.0
0.0 0.0 0.0 0.0
0.0 0.0 0.0 0.0
0.0 0.0 0.0 0.0
0.0 0.0 0.0 0.0
0.0 0.0 0.0 0.0
0.0 0.0 0.0 0.0
0.0 0.0 0.0 0.0
0.0 0.0 0.0 0.0
0.0 0.0 0.0 0.0
sig_last 254
-20003.474659133994 14.124498686684873 14.124498686684873 -19997.997912440413
-20003.474659133994 14.124498686684873 14.124498686684873 -19997.997912440413
-20003.474659133994 14.124498686684873 14.124498686684873 -19997.997912440413
-20003.474659133994 14.124498686684873 14.124498686684873 -19997.997912440413
-20003.474659133994 14.124498686684873 14.124498686684873 -19997.997912440413
-20003.474659133994 14.124498686684873 14.124498686684873 -19997.997912440413
-20003.474659133994 14.124498686684873 14.124498686684873 -19997.997912440413
-20003.474659133994 14.124498686684873 14.124498686684873 -19997.997912440413
-20003.474659133994 14.124498686684873 14.124498686684873 -19997.997912440413
-20003.474659133994 14.124498686684873 14.124498686684873 -19997.997912440413
-20003.474659133994 14.124498686684873 14.124498686684873 -19997.997912440413
-20003.474659133994 14.124498686684873 14.124498686684873 -19997.997912440413
-20003.474659133994 14.124498686684873 14.124498686684873 -19997.997912440413
-20003.474659133994 14.124498686684873 14.124498686684873 -19997.997912440413
-20003.474659133994 14.124498686684873 14.124498686684873 -19997.997912440413
-20003.474659133994 14.124498686684873 14.124498686684873 -19997.997912440413
-20003.474659133994 14.124498686684873 14.124498686684873 -19997.997912440413
-20003.474659133994 14.124498686684873 14.124498686684873 -19997.997912440413
-20003.474659133994 14.124498686684873 14.124498686684873 -19997.997912440413
-20003.474659133994 14.124498686684873 14.124498686684873 -19997.997912440413
-20003.474659133994 14.124498686684873 14.124498686684873 -19997.997912440413
-20003.474659133994 14.124498686684873 14.124498686684873 -19997.997912440413
-20003.474659133994 14.124498686684873 14.124498686684873 -19997.997912440413
-20003.474659133994 14.124498686684873 14.124498686684873 -19997.997912440413
-20003.474659133994 14.124498686684873 14.124498686684873 -19997.997912440413
-20003.474659133994 14.124498686684873 14.124498686684873 -19997.997912440413
-20003.474659133994 14.124498686684873 14.124498686684873 -19997.997912440413
-20003.474659133994 14.124498686684873 14.124498686684873 -19997.997912440413
-20003.474659133994 14.124498686684873 14.124498686684873 -19997.997912440413
-20003.474659133994 14.124498686684873 14.124498686684873 -19997.997912440413
-20003.474659133994 14.124498686684873 14.124498686684873 -19997.997912440413
-20003.474659133994 14.124498686684873 14.124498686684873 -19997.997912440413
-20003.474659133994 14.124498686684873 14.124498686684873 -19997.997912440413
-20003.474659133994 14.124498686684873 14.124498686684873 -19997.997912440413
-20003.474659133994 14.124498686684873 14.124498686684873 -19997.997912440413
-20003.474659133994 14.124498686684873 14.124498686684873 -19997.997912440413
-20003.474659133994 14.124498686684873 14.124498686684873 -19997.997912440413
-20003.474659133994 14.124498686684873 14.124498686684873 -19997.997912440413
-20003.474659133994 14.124498686684873 14.124498686684873 -19997.997912440413
-20003.474659133994 14.124498686684873 14.124498686684873 -19997.997912440413
-20003.474659133994 14.124498686684873 14.124498686684873 -19997.997912440413
-20003.474659133994 14.124498686684873 14.124498686684873 -19997.997912440413
-20003.474659133994 14.124498686684873 14.124498686684873 -19997.997912440413
-20003.474659133994 14.124498686684873 14.124498686684873 -19997.997912440413
-20003.474659133994 14.124498686684873 14.124498686684873 -19997.997912440413
-20003.474659133994 14.124498686684873 14.124498686684873 -19997.997912440413
-20003.474659133994 14.124498686684873 14.124498686684873 -19997.997912440413
-20003.474659133994 14.124498686684873 14.124498686684873 -19997.997912440413
-20003.474659133994 14.124498686684873 14.124498686684873 -19997.997912440413
-20003.474659133994 14.124498686684873 14.124498686684873 -19997.997912440413
-20003.474659133994 14.124498686684873 14.124498686684873 -19997.997912440413
-20003.474659133994 14.124498686684873 14.124498686684873 -19997.997912440413
-20003.474659133994 14.124498686684873 14.124498686684873 -19997.997912440413
-20003.474659133994 14.124498686684873 14.124498686684873 -19997.997912440413
-20003.474659133994 14.124498686684873 14.124498686684873 -19997.997912440413
-20003.474659133994 14.124498686684873 14.124498686684873 -19997.997912440413
-20003.474659133994 14.124498686684873 14.124498686684873 -19997.997912440413
-20003.474659133994 14.124498686684873 14.124498686684873 -19997.997912440413
-20003.474659133994 14.124498686684873 14.124498686684873 -19997.997912440413
-20003.474659133994 14.124498686684873 14.124498686684873 -19997.997912440413
-20003.474659133994 14.124498686684873 14.124498686684873 -19997.997912440413
-20003.474659133994 14.124498686684873 14.124498686684873 -19997.997912440413
-20003.474659133994 14.124498686684873 14.124498686684873 -19997.997912440413
-20003.474659133994 14.124498686684873 14.124498686684873 -19997.997912440413
-20003.474659133994 14.124498686684873 14.124498686684873 -19997.997912440413
-20003.474659133994 14.124498686684873 14.124498686684873 -19997.997912440413
-20003.474659133994 14.124498686684873 14.124498686684873 -19997.997912440413
-20003.474659133994 14.124498686684873 14.124498686684873 -19997.997912440413
-20003.474659133994 14.124498686684873 14.124498686684873 -19997.997912440413
-20003.474659133994 14.124498686684873 14.124498686684873 -19997.997912440413
-20003.474659133994 14.124498686684873 14.124498686684873 -19997.997912440413
-20003.474659133994 14.124498686684873 14.124498686684873 -19997.997912440413
-20003.474659133994 14.124498686684873 14.124498686684873 -19997.997912440413
-20003.474659133994 14.124498686684873 14.124498686684873 -19997.997912440413
-20003.474659133994 14.124498686684873 14.124498686684873 -19997.997912440413
-20003.474659133994 14.124498686684873 14.124498686684873 -19997.997912440413
-20003.474659133994 14.124498686684873 14.124498686684873 -19997.997912440413
-20003.474659133994 14.124498686684873 14.124498686684873 -19997.997912440413
-20003.474659133994 14.124498686684873 14.124498686684873 -19997.997912440413
-20003.474659133994 14.124498686684873 14.124498686684873 -19997.997912440413
-20003.474659133994 14.124498686684873 14.124498686684873 -19997.997912440413
-20003.474659133994 14.124498686684873 14.124498686684873 -19997.997912440413
-20003.474659133994 14.124498686684873 14.124498686684873 -19997.997912440413
-20003.474659133994 14.124498686684873 14.124498686684873 -19997.997912440413
-20003.474659133994 14.124498686684873 14.124498686684873 -19997.997912440413
-20003.474659133994 14.124498686684873 14.124498686684873 -19997.997912440413
-20003.474659133994 14.124498686684873 14.124498686684873 -19997.997912440413
-20003.474659133994 14.124498686684873 14.124498686684873 -19997.997912440413
-20003.474659133994 14.124498686684873 14.124498686684873 -19997.997912440413
-20003.474659133994 14.124498686684873 14.124498686684873 -19997.997912440413
-20003.474659133994 14.124498686684873 14.124498686684873 -19997.997912440413
-20003.474659133994 14.124498686684873 14.124498686684873 -19997.997912440413
-20003.474659133994 14.124498686684873 14.124498686684873 -19997.997912440413
-20003.474659133994 14.124498686684873 14.124498686684873 -19997.997912440413
-20003.474659133994 14.124498686684873 14.124498686684873 -19997.997912440413
-20003.474659133994 14.124498686684873 14.124498686684873 -19997.997912440413
-20003.474659133994 14.124498686684873 14.124498686684873 -19997.997912440413
-20003.474659133994 14.124498686684873 14.124498686684873 -19997.997912440413
-20003.474659133994 14.124498686684873 14.124498686684873 -19997.997912440413
-20003.474659133994 14.124498686684873 14.124498686684873 -19997.997912440413
-20003.474659133994 14.124498686684873 14.124498686684873 -19997.997912440413
-20003.474659133994 14.124498686684873 14.124498686684873 -19997.997912440413
-20003.474659133994 14.124498686684873 14.124498686684873 -19997.997912440413
-20003.474659133994 14.124498686684873 14.124498686684873 -19997.997912440413
-20003.474659133994 14.124498686684873 14.124498686684873 -19997.997912440413
-20003.474659133994 14.124498686684873 14.124498686684873 -19997.997912440413
-20003.474659133994 14.124498686684873 14.124498686684873 -19997.997912440413
-20003.474659133994 14.124498686684873 14.124498686684873 -19997.997912440413
-20003.474659133994 14.124498686684873 14.124498686684873 -19997.997912440413
-20003.474659133994 14.124498686684873 14.124498686684873 -19997.997912440413
-20003.474659133994 14.124498686684873 14.124498686684873 -19997.997912440413
-20003.474659133994 14.124498686684873 14.124498686684873 -19997.997912440413
-20003.474659133994 14.124498686684873 14.124498686684873 -19997.997912440413
-20003.474659133994 14.124498686684873 14.124498686684873 -19997.997912440413
-20003.474659133994 14.124498686684873 14.124498686684873 -19997.997912440413
-20003.474659133994 14.124498686684873 14.124498686684873 -19997.997912440413
-20003.474659133994 14.124498686684873 14.124498686684873 -19997.997912440413
-20003.474659133994 14.124498686684873 14.124498686684873 -19997.997912440413
-20003.474659133994 14.124498686684873 14.124498686684873 -19997.997912440413
-20003.474659133994 14.124498686684873 14.124498686684873 -19997.997912440413
-20003.474659133994 14.124498686684873 14.124498686684873 -19997.997912440413
-20003.474659133994 14.124498686684873 14.124498686684873 -19997.997912440413
-20003.474659133994 14.124498686684873 14.124498686684873 -19997.997912440413
-20003.474659133994 14.124498686684873 14.124498686684873 -19997.997912440413
-20003.474659133994 14.124498686684873 14.124498686684873 -19997.997912440413
-20003.474659133994 14.124498686684873 14.124498686684873 -19997.997912440413
-20003.474659133994 14.124498686684873 14.124498686684873 -19997.997912440413
-20003.474659133994 14.124498686684873 14.124498686684873 -19997.997912440413
-20003.474659133994 14.124498686684873 14.124498686684873 -19997.997912440413
-20003.474659133994 14.124498686684873 14.124498686684873 -19997.997912440413
-20003.474659133994 14.124498686684873 14.124498686684873 -19997.997912440413
-20003.474659133994 14.124498686684873 14.124498686684873 -19997.997912440413
-20003.474659133994 14.124498686684873 14.124498686684873 -19997.997912440413
-20003.474659133994 14.124498686684873 14.124498686684873 -19997.997912440413
-20003.474659133994 14.124498686684873 14.124498686684873 -19997.997912440413
-20003.474659133994 14.124498686684873 14.124498686684873 -19997.997912440413
-20003.474659133994 14.124498686684873 14.124498686684873 -19997.997912440413
-20003.474659133994 14.124498686684873 14.124498686684873 -19997.997912440413
-20003.474659133994 14.124498686684873 14.124498686684873 -19997.997912440413
-20003.474659133994 14.124498686684873 14.124498686684873 -19997.997912440413
-20003.474659133994 14.124498686684873 14.124498686684873 -19997.997912440413
-20003.474659133994 14.124498686684873 14.124498686684873 -19997.997912440413
-20003.474659133994 14.124498686684873 14.124498686684873 -19997.997912440413
-20003.474659133994 14.124498686684873 14.124498686684873 -19997.997912440413
-20003.474659133994 14.124498686684873 14.124498686684873 -19997.997912440413
-20003.474659133994 14.124498686684873 14.124498686684873 -19997.997912440413
-20003.474659133994 14.124498686684873 14.124498686684873 -19997.997912440413
-20003.474659133994 14.124498686684873 14.124498686684873 -19997.997912440413
-20003.474659133994 14.124498686684873 14.124498686684873 -19997.997912440413
-20003.474659133994 14.124498686684873 14.124498686684873 -19997.997912440413
-20003.474659133994 14.124498686684873 14.124498686684873 -19997.997912440413
-20003.474659133994 14.124498686684873 14.124498686684873 -19997.997912440413
-20003.474659133994 14.124498686684873 14.124498686684873 -19997.997912440413
-20003.474659133994 14.124498686684873 14.124498686684873 -19997.997912440413
-20003.474659133994 14.124498686684873 14.124498686684873 -19997.997912440413
-20003.474659133994 14.124498686684873 14.124498686684873 -19997.997912440413
-20003.474659133994 14.124498686684873 14.124498686684873 -19997.997912440413
-20003.474659133994 14.124498686684873 14.124498686684873 -19997.997912440413
-20003.474659133994 14.124498686684873 14.124498686684873 -19997.997912440413
-20003.474659133994 14.124498686684873 14.124498686684873 -19997.997912440413
-20003.474659133994 14.124498686684873 14.124498686684873 -19997.997912440413
-20003.474659133994 14.124498686684873 14.124498686684873 -19997.997912440413
-20003.474659133994 14.124498686684873 14.124498686684873 -19997.997912440413
-20003.474659133994 14.124498686684873 14.124498686684873 -19997.997912440413
-20003.474659133994 14.124498686684873 14.124498686684873 -19997.997912440413
-20003.474659133994 14.124498686684873 14.124498686684873 -19997.997912440413
-20003.474659133994 14.124498686684873 14.124498686684873 -19997.997912440413
-20003.474659133994 14.124498686684873 14.124498686684873 -19997.997912440413
-20003.474659133994 14.124498686684873 14.124498686684873 -19997.997912440413
-20003.474659133994 14.124498686684873 14.124498686684873 -19997.997912440413
-20003.474659133994 14.124498686684873 14.124498686684873 -19997.997912440413
-20003.474659133994 14.124498686684873 14.124498686684873 -19997.997912440413
-20003.474659133994 14.124498686684873 14.124498686684873 -19997.997912440413
-20003.474659133994 14.124498686684873 14.124498686684873 -19997.997912440413
-20003.474659133994 14.124498686684873 14.124498686684873 -19997.997912440413
-20003.474659133994 14.124498686684873 14.124498686684873 -19997.997912440413
-20003.474659133994 14.124498686684873 14.124498686684873 -19997.997912440413
-20003.474659133994 14.124498686684873 14.124498686684873 -19997.997912440413
-20003.474659133994 14.124498686684873 14.124498686684873 -19997.997912440413
-20003.474659133994 14.124498686684873 14.124498686684873 -19997.997912440413
-20003.474659133994 14.124498686684873 14.124498686684873 -19997.997912440413
-20003.474659133994 14.124498686684873 14.124498686684873 -19997.997912440413
-20003.474659133994 14.124498686684873 14.124498686684873 -19997.997912440413
-20003.474659133994 14.124498686684873 14.124498686684873 -19997.997912440413
-20003.474659133994 14.124498686684873 14.124498686684873 -19997.997912440413
-20003.474659133994 14.124498686684873 14.124498686684873 -19997.997912440413
-20003.474659133994 14.124498686684873 14.124498686684873 -19997.997912440413
-20003.474659133994 14.124498686684873 14.124498686684873 -19997.997912440413
-20003.474659133994 14.124498686684873 14.124498686684873 -19997.997912440413
-20003.474659133994 14.124498686684873 14.124498686684873 -19997.997912440413
-20003.474659133994 14.124498686684873 14.124498686684873 -19997.997912440413
-20003.474659133994 14.124498686684873 14.124498686684873 -19997.997912440413
-20003.474659133994 14.124498686684873 14.124498686684873 -19997.997912440413
-20003.474659133994 14.124498686684873 14.124498686684873 -19997.997912440413
-20003.474659133994 14.124498686684873 14.124498686684873 -19997.997912440413
-20003.474659133994 14.124498686684873 14.124498686684873 -19997.997912440413
-20003.474659133994 14.124498686684873 14.124498686684873 -19997.997912440413
-20003.474659133994 14.124498686684873 14.124498686684873 -19997.997912440413
-20003.474659133994 14.124498686684873 14.124498686684873 -19997.997912440413
-20003.474659133994 14.124498686684873 14.124498686684873 -19997.997912440413
-20003.474659133994 14.124498686684873 14.124498686684873 -19997.997912440413
-20003.474659133994 14.124498686684873 14.124498686684873 -19997.997912440413
-20003.474659133994 14.124498686684873 14.124498686684873 -19997.997912440413
-20003.474659133994 14.124498686684873 14.124498686684873 -19997.997912440413
-20003.474659133994 14.124498686684873 14.124498686684873 -19997.997912440413
-20003.474659133994 14.124498686684873 14.124498686684873 -19997.997912440413
-20003.474659133994 14.124498686684873 14.124498686684873 -19997.997912440413
-20003.474659133994 14.124498686684873 14.124498686684873 -19997.997912440413
-20003.474659133994 14.124498686684873 14.124498686684873 -19997.997912440413
-20003.474659133994 14.124498686684873 14.124498686684873 -19997.997912440413
-20003.474659133994 14.124498686684873 14.124498686684873 -19997.997912440413
-20003.474659133994 14.124498686684873 14.124498686684873 -19997.997912440413
-20003.474659133994 14.124498686684873 14.124498686684873 -19997.997912440413
-20003.474659133994 14.124498686684873 14.124498686684873 -19997.997912440413
-20003.474659133994 14.124498686684873 14.124498686684873 -19997.997912440413
-20003.474659133994 14.124498686684873 14.124498686684873 -19997.997912440413
-20003.474659133994 14.124498686684873 14.124498686684873 -19997.997912440413
-20003.474659133994 14.124498686684873 14.124498686684873 -19997.997912440413
-20003.474659133994 14.124498686684873 14.124498686684873 -19997.997912440413
-20003.474659133994 14.124498686684873 14.124498686684873 -19997.997912440413
-20003.474659133994 14.124498686684873 14.124498686684873 -19997.997912440413
-20003.474659133994 14.124498686684873 14.124498686684873 -19997.997912440413
-20003.474659133994 14.124498686684873 14.124498686684873 -19997.997912440413
-20003.474659133994 14.124498686684873 14.124498686684873 -19997.997912440413
-20003.474659133994 14.124498686684873 14.124498686684873 -19997.997912440413
-20003.474659133994 14.124498686684873 14.124498686684873 -19997.997912440413
-20003.474659133994 14.124498686684873 14.124498686684873 -19997.997912440413
-20003.474659133994 14.124498686684873 14.124498686684873 -19997.997912440413
-20003.474659133994 14.124498686684873 14.124498686684873 -19997.997912440413
-20003.474659133994 14.124498686684873 14.124498686684873 -19997.997912440413
-20003.474659133994 14.124498686684873 14.124498686684873 -19997.997912440413
-20003.474659133994 14.124498686684873 14.124498686684873 -19997.997912440413
-20003.474659133994 14.124498686684873 14.124498686684873 -19997.997912440413
-20003.474659133994 14.124498686684873 14.124498686684873 -19997.997912440413
-20003.474659133994 14.124498686684873 14.124498686684873 -19997.997912440413
-20003.474659133994 14.124498686684873 14.124498686684873 -19997.997912440413
-20003.474659133994 14.124498686684873 14.124498686684873 -19997.997912440413
-20003.474659133994 14.124498686684873 14.124498686684873 -19997.997912440413
-20003.474659133994 14.124498686684873 14.124498686684873 -19997.997912440413
-20003.474659133994 14.124498686684873 14.124498686684873 -19997.997912440413
-20003.474659133994 14.124498686684873 14.124498686684873 -19997.997912440413
-20003.474659133994 14.124498686684873 14.124498686684873 -19997.997912440413
-20003.474659133994 14.124498686684873 14.124498686684873 -19997.997912440413
-20003.474659133994 14.124498686684873 14.124498686684873 -19997.997912440413
-20003.474659133994 14.124498686684873 14.124498686684873 -19997.997912440413
-20003.474659133994 14.124498686684873 14.124498686684873 -19997.997912440413
-20003.474659133994 14.124498686684873 14.124498686684873 -19997.997912440413
-20003.474659133994 14.124498686684873 14.124498686684873 -19997.997912440413
-20003.474659133994 14.124498686684873 14.124498686684873 -19997.997912440413
-20003.474659133994 14.124498686684873 14.124498686684873 -19997.997912440413
-20003.474659133994 14.124498686684873 14.124498686684873 -19997.997912440413
-20003.474659133994 14.124498686684873 14.124498686684873 -19997.997912440413
-20003.474659133994 14.124498686684873 14.124498686684873 -19997.997912440413
-20003.474659133994 14.124498686684873 14.124498686684873 -19997.997912440413
